1744293291709 1.79715 0
1744293325894 2.06057 1
1744293358660 2.04005 2
1744293376828 1.96404 3
1744293395042 1.96166 4
1744293412887 1.86061 5
1744293430759 1.83567 6
1744293448901 1.76736 7
1744293466677 1.7502 8
1744293485073 1.6647 9
1744293503161 1.67629 10
1744293522341 1.66383 11
1744293541468 1.60499 12
1744293560469 1.60444 13
1744293578505 1.57225 14
1744293597299 1.51789 15
1744293615773 1.51243 16
1744293634399 1.5773 17
1744293652630 1.49313 18
1744293671350 1.45342 19
1744293689485 1.47867 20
1744293708170 1.46694 21
1744293726423 1.41935 22
1744293744645 1.45484 23
1744293763068 1.43272 24
1744293792111 1.37918 25
1744293834085 1.42251 26
1744293877813 1.37909 27
1744293919812 1.43446 28
1744293959978 1.37173 29
1744293996837 1.39292 30
1744294028562 1.36405 31
1744294058953 1.34416 32
1744294095408 1.34614 33
1744294133728 1.35376 34
1744294175191 1.33227 35
1744294214727 1.28532 36
1744294260799 1.2635 37
1744294299113 1.29184 38
1744294339865 1.30768 39
1744294378130 1.27789 40
1744294421567 1.29583 41
1744294460450 1.25652 42
1744294504467 1.22204 43
1744294553612 1.23328 44
1744294592640 1.21833 45
1744294638159 1.2313 46
1744294677500 1.23944 47
1744294725504 1.24428 48
1744294768749 1.21059 49
1744294808915 1.21745 50
1744294850187 1.19419 51
1744294890208 1.18017 52
1744294940271 1.17257 53
1744294968679 1.16627 54
1744294999252 1.16465 55
1744295026006 1.12692 56
1744295052189 1.15291 57
1744295077880 1.13137 58
1744295103383 1.12974 59
1744295131052 1.11107 60
1744295161841 1.15569 61
1744295190179 1.12323 62
1744295217012 1.12186 63
1744295247014 1.0911 64
1744295273168 1.09695 65
1744295298683 1.09348 66
1744295325042 1.09034 67
1744295350606 1.04828 68
1744295376419 1.0459 69
1744295401983 1.02496 70
1744295428157 1.06213 71
1744295454617 1.05039 72
1744295482597 1.03677 73
1744295508684 1.00395 74
1744295534539 1.00536 75
1744295564480 1.01303 76
1744295600540 1.02303 77
1744295641836 0.98964 78
1744295678395 0.98824 79
1744295714518 0.93169 80
1744295743670 0.95635 81
1744295770481 0.96619 82
1744295798433 0.95903 83
1744295828411 0.94224 84
1744295866344 0.94438 85
1744295903356 0.94297 86
1744295940011 0.91048 87
1744295987079 0.9202 88
1744296036735 0.89459 89
1744296116624 0.87097 90
1744296155695 0.82721 91
1744296198345 0.8672 92
1744296227062 0.81223 93
1744296257269 0.81637 94
1744296285115 0.7823 95
1744296318912 0.78933 96
1744296349577 0.80684 97
1744296392300 0.79849 98
1744296427457 0.76928 99
