1744293291709 2.40712 0
1744293325894 2.36799 1
1744293358660 2.39882 2
1744293376828 2.2801 3
1744293395042 2.21715 4
1744293412887 2.10576 5
1744293430759 1.99634 6
1744293448901 1.84887 7
1744293466677 1.8779 8
1744293485073 1.78168 9
1744293503161 1.73946 10
1744293522341 1.65266 11
1744293541468 1.65194 12
1744293560469 1.62852 13
1744293578505 1.58276 14
1744293597299 1.50039 15
1744293615773 1.49623 16
1744293634399 1.54256 17
1744293652630 1.49851 18
1744293671350 1.39163 19
1744293689485 1.33622 20
1744293708170 1.29888 21
1744293726423 1.30127 22
1744293744645 1.349 23
1744293763068 1.29784 24
1744293792111 1.29532 25
1744293834085 1.28421 26
1744293877813 1.2874 27
1744293919812 1.25061 28
1744293959978 1.20412 29
1744293996837 1.25095 30
1744294028562 1.19204 31
1744294058953 1.17773 32
1744294095408 1.16118 33
1744294133728 1.17294 34
1744294175191 1.14734 35
1744294214727 1.11335 36
1744294260799 1.07925 37
1744294299113 1.08159 38
1744294339865 1.13683 39
1744294378130 1.15393 40
1744294421567 1.07325 41
1744294460450 1.06212 42
1744294504467 1.03407 43
1744294553612 1.03671 44
1744294592640 1.03673 45
1744294638159 1.06327 46
1744294677500 1.00457 47
1744294725504 1.06107 48
1744294768749 0.97256 49
1744294808915 0.99777 50
1744294850187 1.01935 51
1744294890208 0.99778 52
1744294940271 0.95312 53
1744294968679 0.92893 54
1744294999252 0.92147 55
1744295026006 0.93366 56
1744295052189 0.9176 57
1744295077880 0.91583 58
1744295103383 0.89545 59
1744295131052 0.90002 60
1744295161841 0.90935 61
1744295190179 0.8844 62
1744295217012 0.86403 63
1744295247014 0.82788 64
1744295273168 0.83526 65
1744295298683 0.87335 66
1744295325042 0.80773 67
1744295350606 0.82528 68
1744295376419 0.81455 69
1744295401983 0.80343 70
1744295428157 0.80742 71
1744295454617 0.81926 72
1744295482597 0.77572 73
1744295508684 0.77942 74
1744295534539 0.78399 75
1744295564480 0.77027 76
1744295600540 0.79854 77
1744295641836 0.7531 78
1744295678395 0.75152 79
1744295714518 0.70688 80
1744295743670 0.77013 81
1744295770481 0.72503 82
1744295798433 0.72961 83
1744295828411 0.71455 84
1744295866344 0.70194 85
1744295903356 0.7146 86
1744295940011 0.68061 87
1744295987079 0.71353 88
1744296036735 0.67076 89
1744296116624 0.6046 90
1744296155695 0.56792 91
1744296198345 0.61029 92
1744296227062 0.56119 93
1744296257269 0.54601 94
1744296285115 0.54804 95
1744296318912 0.53898 96
1744296349577 0.52704 97
1744296392300 0.5693 98
1744296427457 0.52898 99
