1744293291709 1.91048 0
1744293325894 2.07032 1
1744293358660 2.12317 2
1744293376828 2.06881 3
1744293395042 2.04196 4
1744293412887 1.96701 5
1744293430759 1.96385 6
1744293448901 1.88469 7
1744293466677 1.87721 8
1744293485073 1.76939 9
1744293503161 1.83144 10
1744293522341 1.79124 11
1744293541468 1.74396 12
1744293560469 1.7701 13
1744293578505 1.73473 14
1744293597299 1.70192 15
1744293615773 1.69593 16
1744293634399 1.73642 17
1744293652630 1.63441 18
1744293671350 1.63166 19
1744293689485 1.63763 20
1744293708170 1.63925 21
1744293726423 1.58783 22
1744293744645 1.61215 23
1744293763068 1.58954 24
1744293792111 1.57989 25
1744293834085 1.57588 26
1744293877813 1.56633 27
1744293919812 1.60457 28
1744293959978 1.54929 29
1744293996837 1.57303 30
1744294028562 1.56594 31
1744294058953 1.54464 32
1744294095408 1.52415 33
1744294133728 1.54274 34
1744294175191 1.51257 35
1744294214727 1.48871 36
1744294260799 1.47458 37
1744294299113 1.50539 38
1744294339865 1.52004 39
1744294378130 1.48382 40
1744294421567 1.47276 41
1744294460450 1.45053 42
1744294504467 1.43727 43
1744294553612 1.43866 44
1744294592640 1.44926 45
1744294638159 1.45683 46
1744294677500 1.45145 47
1744294725504 1.45857 48
1744294768749 1.41409 49
1744294808915 1.42609 50
1744294850187 1.41666 51
1744294890208 1.4245 52
1744294940271 1.4061 53
1744294968679 1.38265 54
1744294999252 1.39109 55
1744295026006 1.35769 56
1744295052189 1.39355 57
1744295077880 1.38832 58
1744295103383 1.36765 59
1744295131052 1.36818 60
1744295161841 1.40666 61
1744295190179 1.3717 62
1744295217012 1.3622 63
1744295247014 1.3339 64
1744295273168 1.34941 65
1744295298683 1.34126 66
1744295325042 1.34768 67
1744295350606 1.32516 68
1744295376419 1.3071 69
1744295401983 1.31291 70
1744295428157 1.33128 71
1744295454617 1.33091 72
1744295482597 1.31859 73
1744295508684 1.28868 74
1744295534539 1.29514 75
1744295564480 1.2962 76
1744295600540 1.2973 77
1744295641836 1.27974 78
1744295678395 1.26654 79
1744295714518 1.21994 80
1744295743670 1.25727 81
1744295770481 1.26532 82
1744295798433 1.26705 83
1744295828411 1.24995 84
1744295866344 1.24704 85
1744295903356 1.24739 86
1744295940011 1.22409 87
1744295987079 1.24606 88
1744296036735 1.20447 89
1744296116624 1.24039 90
1744296155695 1.22379 91
1744296198345 1.23837 92
1744296227062 1.20859 93
1744296257269 1.21525 94
1744296285115 1.17537 95
1744296318912 1.18894 96
1744296349577 1.19393 97
1744296392300 1.20276 98
1744296427457 1.17419 99
