1744271358317 0.0006604938271604939 0
1744271377931 0.0013140216049382716 1
1744271396903 0.0019543493827160496 2
1744271415108 0.0019406 3
1744271433274 0.0019207999999999999 4
1744271451338 0.0019010000000000001 5
1744271469758 0.0018812 6
1744271488103 0.0018614 7
1744271506264 0.0018416 8
1744271525392 0.0018218000000000002 9
1744271543496 0.001802 10
1744271561573 0.0017822 11
1744271580500 0.0017624 12
1744271598548 0.0017426 13
1744271616802 0.0017228 14
1744271635585 0.001703 15
1744271653858 0.0016832000000000001 16
1744271672586 0.0016634 17
1744271690982 0.0016436000000000003 18
1744271709982 0.0016238000000000001 19
1744271728105 0.0016040000000000002 20
1744271746640 0.0015842 21
1744271765162 0.0015644 22
1744271783377 0.0015446 23
1744271801718 0.0015248 24
1744271820768 0.0015049999999999998 25
1744271839185 0.0014852 26
1744271857331 0.0014654000000000002 27
1744271875574 0.0014456 28
1744271894075 0.0014258 29
1744271912152 0.001406 30
1744271930122 0.0013862 31
1744271948172 0.0013663999999999998 32
1744271966796 0.0013465999999999999 33
1744271985614 0.0013267999999999997 34
1744272004181 0.001307 35
1744272022201 0.0012872 36
1744272040482 0.0012674000000000001 37
1744272058732 0.0012476 38
1744272077147 0.0012278 39
1744272096001 0.001208 40
1744272115117 0.0011882000000000002 41
1744272134323 0.0011684000000000002 42
1744272152857 0.0011486 43
1744272171150 0.0011288000000000001 44
1744272190037 0.001109 45
1744272208374 0.0010892000000000002 46
1744272226911 0.0010694 47
1744272245276 0.0010496000000000001 48
1744272263302 0.0010298 49
1744272282656 0.00101 50
1744272301076 0.0009901999999999999 51
1744272319514 0.0009704 52
1744272338319 0.0009506 53
1744272357842 0.0009308 54
1744272376101 0.0009109999999999999 55
1744272395117 0.0008911999999999999 56
1744272414026 0.0008714 57
1744272432638 0.0008516000000000001 58
1744272451023 0.0008318000000000002 59
1744272469348 0.0008120000000000001 60
1744272487975 0.0007922000000000001 61
1744272507144 0.0007724 62
1744272526086 0.0007526000000000001 63
1744272544499 0.0007328 64
1744272563014 0.000713 65
1744272581892 0.0006931999999999999 66
1744272600695 0.0006733999999999999 67
1744272619024 0.0006536 68
1744272636997 0.0006338000000000001 69
1744272655725 0.0006140000000000001 70
1744272674224 0.0005942 71
1744272692866 0.0005744000000000001 72
1744272711928 0.0005546000000000001 73
1744272730801 0.0005348000000000001 74
1744272749551 0.000515 75
1744272768813 0.0004952 76
1744272787352 0.0004754 77
1744272806236 0.00045559999999999996 78
1744272824597 0.00043579999999999997 79
1744272843739 0.0004159999999999999 80
1744272862813 0.00039619999999999987 81
1744272881916 0.00037640000000000015 82
1744272900455 0.0003566000000000001 83
1744272919725 0.0003368000000000001 84
1744272945278 0.00031700000000000006 85
1744272971417 0.0002972 86
1744272991077 0.0002774 87
1744273009048 0.00025760000000000003 88
1744273026994 0.00023779999999999995 89
1744273077394 0.00021799999999999996 90
1744273095546 0.00019819999999999994 91
1744273113275 0.00017839999999999992 92
1744273131257 0.00015859999999999987 93
1744273149196 0.0001388000000000001 94
1744273167176 0.0001190000000000001 95
1744273185134 9.920000000000008e-05 96
1744273203496 7.940000000000006e-05 97
1744273221901 5.9600000000000046e-05 98
1744273239880 3.980000000000002e-05 99
