1744271360827 0.0001 0
1744271360840 0.0001 0
1744271380566 0.05565 1
1744271380580 0.05565 1
1744271399042 0.04415 2
1744271399063 0.04415 2
1744271417166 0.04642 3
1744271417180 0.04642 3
1744271435465 0.02662 4
1744271435476 0.02662 4
1744271453559 0.05069 5
1744271453579 0.05069 5
1744271472212 0.32549 6
1744271472236 0.32549 6
1744271490151 0.27501 7
1744271490169 0.27501 7
1744271508940 0.36454 8
1744271508958 0.36454 8
1744271527407 0.33262 9
1744271527426 0.33262 9
1744271545565 0.24405 10
1744271545579 0.24405 10
1744271564221 0.41766 11
1744271564249 0.41766 11
1744271582546 0.39815 12
1744271582557 0.39815 12
1744271600535 0.41117 13
1744271600550 0.41117 13
1744271619340 0.42967 14
1744271619350 0.42967 14
1744271637686 0.40046 15
1744271637705 0.40046 15
1744271656411 0.4286 16
1744271656419 0.4286 16
1744271674756 0.42954 17
1744271674765 0.42954 17
1744271693598 0.47351 18
1744271693608 0.47351 18
1744271711979 0.46886 19
1744271711995 0.46886 19
1744271730554 0.47676 20
1744271730578 0.47676 20
1744271748861 0.46499 21
1744271748870 0.46499 21
1744271767147 0.47095 22
1744271767159 0.47095 22
1744271785521 0.45314 23
1744271785534 0.45314 23
1744271804475 0.51077 24
1744271804497 0.51077 24
1744271822926 0.47516 25
1744271822941 0.47516 25
1744271841174 0.47192 26
1744271841190 0.47192 26
1744271859535 0.49952 27
1744271859557 0.49952 27
1744271878112 0.52068 28
1744271878124 0.52068 28
1744271896107 0.43986 29
1744271896124 0.43986 29
1744271914264 0.48928 30
1744271914273 0.48928 30
1744271932116 0.48721 31
1744271932128 0.48721 31
1744271950661 0.5343 32
1744271950681 0.5343 32
1744271969094 0.52448 33
1744271969103 0.52448 33
1744271987878 0.48198 34
1744271987893 0.48198 34
1744272006277 0.52158 35
1744272006288 0.52158 35
1744272024189 0.52016 36
1744272024199 0.52016 36
1744272042508 0.50615 37
1744272042523 0.50615 37
1744272060848 0.52625 38
1744272060866 0.52625 38
1744272079338 0.5104 39
1744272079350 0.5104 39
1744272098560 0.54333 40
1744272098571 0.54333 40
1744272117211 0.51712 41
1744272117220 0.51712 41
1744272136491 0.54284 42
1744272136501 0.54284 42
1744272154988 0.51819 43
1744272155004 0.51819 43
1744272173696 0.5518 44
1744272173718 0.5518 44
1744272192035 0.53411 45
1744272192062 0.53411 45
1744272210564 0.45301 46
1744272210583 0.45301 46
1744272228960 0.53851 47
1744272228975 0.53851 47
1744272247391 0.54671 48
1744272247406 0.54671 48
1744272266068 0.56405 49
1744272266078 0.56405 49
1744272285113 0.56791 50
1744272285127 0.56791 50
1744272303154 0.54288 51
1744272303168 0.54288 51
1744272321794 0.56098 52
1744272321810 0.56098 52
1744272340855 0.5714 53
1744272340872 0.5714 53
1744272359848 0.52644 54
1744272359860 0.52644 54
1744272378792 0.58133 55
1744272378801 0.58133 55
1744272397749 0.59031 56
1744272397758 0.59031 56
1744272416222 0.57141 57
1744272416232 0.57141 57
1744272434903 0.58416 58
1744272434920 0.58416 58
1744272453054 0.56816 59
1744272453063 0.56816 59
1744272471483 0.58155 60
1744272471498 0.58155 60
1744272490219 0.58114 61
1744272490229 0.58114 61
1744272509695 0.59661 62
1744272509720 0.59661 62
1744272528074 0.56195 63
1744272528093 0.56195 63
1744272546553 0.58561 64
1744272546563 0.58561 64
1744272565328 0.59009 65
1744272565340 0.59009 65
1744272584393 0.60582 66
1744272584411 0.60582 66
1744272602776 0.60135 67
1744272602786 0.60135 67
1744272621058 0.59074 68
1744272621071 0.59074 68
1744272639111 0.58871 69
1744272639126 0.58871 69
1744272657797 0.5977 70
1744272657807 0.5977 70
1744272676433 0.59429 71
1744272676443 0.59429 71
1744272695048 0.57933 72
1744272695058 0.57933 72
1744272714113 0.59019 73
1744272714122 0.59019 73
1744272733012 0.584 74
1744272733023 0.584 74
1744272752110 0.6064 75
1744272752120 0.6064 75
1744272771038 0.60187 76
1744272771047 0.60187 76
1744272789601 0.60569 77
1744272789615 0.60569 77
1744272808310 0.59745 78
1744272808319 0.59745 78
1744272827276 0.61064 79
1744272827291 0.61064 79
1744272846485 0.62041 80
1744272846495 0.62041 80
1744272864901 0.59672 81
1744272864915 0.59672 81
1744272884090 0.61639 82
1744272884099 0.61639 82
1744272903044 0.6315 83
1744272903058 0.6315 83
1744272922062 0.62708 84
1744272922079 0.62708 84
1744272948186 0.61727 85
1744272948198 0.61727 85
1744272973657 0.61802 86
1744272973680 0.61802 86
1744272993159 0.61843 87
1744272993171 0.61843 87
1744273011055 0.62101 88
1744273011064 0.62101 88
1744273028922 0.62144 89
1744273028936 0.62144 89
1744273079563 0.62148 90
1744273079579 0.62148 90
1744273097520 0.62047 91
1744273097533 0.62047 91
1744273115303 0.61237 92
1744273115319 0.61237 92
1744273133301 0.62077 93
1744273133320 0.62077 93
1744273151164 0.62902 94
1744273151176 0.62902 94
1744273169203 0.62534 95
1744273169215 0.62534 95
1744273187602 0.63036 96
1744273187634 0.63036 96
1744273205983 0.63347 97
1744273205993 0.63347 97
1744273223956 0.63316 98
1744273223969 0.63316 98
1744273242410 0.6338 99
1744273242435 0.6338 99
1744273245824 0.6335213811155819 99
1744273245833 0.6335213811155819 99
