1744271360827 0.00037 0
1744271360840 0.00037 0
1744271380566 0.15178 1
1744271380580 0.15178 1
1744271399042 0.11865 2
1744271399063 0.11865 2
1744271417166 0.09813 3
1744271417180 0.09813 3
1744271435465 0.09765 4
1744271435476 0.09765 4
1744271453559 0.12772 5
1744271453579 0.12772 5
1744271472212 0.63211 6
1744271472236 0.63211 6
1744271490151 0.6245 7
1744271490169 0.6245 7
1744271508940 0.72554 8
1744271508958 0.72554 8
1744271527407 0.68292 9
1744271527426 0.68292 9
1744271545565 0.57646 10
1744271545579 0.57646 10
1744271564221 0.74525 11
1744271564249 0.74525 11
1744271582546 0.736 12
1744271582557 0.736 12
1744271600535 0.74586 13
1744271600550 0.74586 13
1744271619340 0.76513 14
1744271619350 0.76513 14
1744271637686 0.75057 15
1744271637705 0.75057 15
1744271656411 0.78783 16
1744271656419 0.78783 16
1744271674756 0.76497 17
1744271674765 0.76497 17
1744271693598 0.81745 18
1744271693608 0.81745 18
1744271711979 0.81458 19
1744271711995 0.81458 19
1744271730554 0.825 20
1744271730578 0.825 20
1744271748861 0.82477 21
1744271748870 0.82477 21
1744271767147 0.82584 22
1744271767159 0.82584 22
1744271785521 0.79083 23
1744271785534 0.79083 23
1744271804475 0.84846 24
1744271804497 0.84846 24
1744271822926 0.86422 25
1744271822941 0.86422 25
1744271841174 0.77144 26
1744271841190 0.77144 26
1744271859535 0.84295 27
1744271859557 0.84295 27
1744271878112 0.86052 28
1744271878124 0.86052 28
1744271896107 0.7888 29
1744271896124 0.7888 29
1744271914264 0.8383 30
1744271914273 0.8383 30
1744271932116 0.83225 31
1744271932128 0.83225 31
1744271950661 0.86358 32
1744271950681 0.86358 32
1744271969094 0.85033 33
1744271969103 0.85033 33
1744271987878 0.83382 34
1744271987893 0.83382 34
1744272006277 0.87384 35
1744272006288 0.87384 35
1744272024189 0.8434 36
1744272024199 0.8434 36
1744272042508 0.85508 37
1744272042523 0.85508 37
1744272060848 0.85102 38
1744272060866 0.85102 38
1744272079338 0.84908 39
1744272079350 0.84908 39
1744272098560 0.87647 40
1744272098571 0.87647 40
1744272117211 0.8557 41
1744272117220 0.8557 41
1744272136491 0.85748 42
1744272136501 0.85748 42
1744272154988 0.84681 43
1744272155004 0.84681 43
1744272173696 0.87934 44
1744272173718 0.87934 44
1744272192035 0.8703 45
1744272192062 0.8703 45
1744272210564 0.71319 46
1744272210583 0.71319 46
1744272228960 0.89465 47
1744272228975 0.89465 47
1744272247391 0.87092 48
1744272247406 0.87092 48
1744272266068 0.88761 49
1744272266078 0.88761 49
1744272285113 0.89576 50
1744272285127 0.89576 50
1744272303154 0.87067 51
1744272303168 0.87067 51
1744272321794 0.88242 52
1744272321810 0.88242 52
1744272340855 0.89281 53
1744272340872 0.89281 53
1744272359848 0.88395 54
1744272359860 0.88395 54
1744272378792 0.88098 55
1744272378801 0.88098 55
1744272397749 0.89911 56
1744272397758 0.89911 56
1744272416222 0.89866 57
1744272416232 0.89866 57
1744272434903 0.89909 58
1744272434920 0.89909 58
1744272453054 0.88519 59
1744272453063 0.88519 59
1744272471483 0.88604 60
1744272471498 0.88604 60
1744272490219 0.89945 61
1744272490229 0.89945 61
1744272509695 0.91176 62
1744272509720 0.91176 62
1744272528074 0.90207 63
1744272528093 0.90207 63
1744272546553 0.90728 64
1744272546563 0.90728 64
1744272565328 0.89849 65
1744272565340 0.89849 65
1744272584393 0.92004 66
1744272584411 0.92004 66
1744272602776 0.90277 67
1744272602786 0.90277 67
1744272621058 0.90131 68
1744272621071 0.90131 68
1744272639111 0.90283 69
1744272639126 0.90283 69
1744272657797 0.89264 70
1744272657807 0.89264 70
1744272676433 0.90567 71
1744272676443 0.90567 71
1744272695048 0.88599 72
1744272695058 0.88599 72
1744272714113 0.89759 73
1744272714122 0.89759 73
1744272733012 0.89135 74
1744272733023 0.89135 74
1744272752110 0.93681 75
1744272752120 0.93681 75
1744272771038 0.9312 76
1744272771047 0.9312 76
1744272789601 0.91302 77
1744272789615 0.91302 77
1744272808310 0.91698 78
1744272808319 0.91698 78
1744272827276 0.91525 79
1744272827291 0.91525 79
1744272846485 0.91946 80
1744272846495 0.91946 80
1744272864901 0.91151 81
1744272864915 0.91151 81
1744272884090 0.92113 82
1744272884099 0.92113 82
1744272903044 0.92767 83
1744272903058 0.92767 83
1744272922062 0.93463 84
1744272922079 0.93463 84
1744272948186 0.93277 85
1744272948198 0.93277 85
1744272973657 0.92624 86
1744272973680 0.92624 86
1744272993159 0.92484 87
1744272993171 0.92484 87
1744273011055 0.92655 88
1744273011064 0.92655 88
1744273028922 0.93333 89
1744273028936 0.93333 89
1744273079563 0.92262 90
1744273079579 0.92262 90
1744273097520 0.92715 91
1744273097533 0.92715 91
1744273115303 0.93148 92
1744273115319 0.93148 92
1744273133301 0.92838 93
1744273133320 0.92838 93
1744273151164 0.94032 94
1744273151176 0.94032 94
1744273169203 0.93951 95
1744273169215 0.93951 95
1744273187602 0.93931 96
1744273187634 0.93931 96
1744273205983 0.939 97
1744273205993 0.939 97
1744273223956 0.94076 98
1744273223969 0.94076 98
1744273242410 0.94153 99
1744273242435 0.94153 99
1744273245824 0.9413694921381527 99
1744273245833 0.9413694921381527 99
