1744271360827 0.00076 0
1744271360840 0.00076 0
1744271380566 0.12647 1
1744271380580 0.12647 1
1744271399042 0.14273 2
1744271399063 0.14273 2
1744271417166 0.28615 3
1744271417180 0.28615 3
1744271435465 0.23194 4
1744271435476 0.23194 4
1744271453559 0.11948 5
1744271453579 0.11948 5
1744271472212 0.74129 6
1744271472236 0.74129 6
1744271490151 0.67656 7
1744271490169 0.67656 7
1744271508940 0.77923 8
1744271508958 0.77923 8
1744271527407 0.72087 9
1744271527426 0.72087 9
1744271545565 0.73691 10
1744271545579 0.73691 10
1744271564221 0.77319 11
1744271564249 0.77319 11
1744271582546 0.717 12
1744271582557 0.717 12
1744271600535 0.71769 13
1744271600550 0.71769 13
1744271619340 0.78604 14
1744271619350 0.78604 14
1744271637686 0.78997 15
1744271637705 0.78997 15
1744271656411 0.79537 16
1744271656419 0.79537 16
1744271674756 0.70446 17
1744271674765 0.70446 17
1744271693598 0.83495 18
1744271693608 0.83495 18
1744271711979 0.79104 19
1744271711995 0.79104 19
1744271730554 0.79883 20
1744271730578 0.79883 20
1744271748861 0.77779 21
1744271748870 0.77779 21
1744271767147 0.86731 22
1744271767159 0.86731 22
1744271785521 0.83204 23
1744271785534 0.83204 23
1744271804475 0.80335 24
1744271804497 0.80335 24
1744271822926 0.80221 25
1744271822941 0.80221 25
1744271841174 0.74426 26
1744271841190 0.74426 26
1744271859535 0.82648 27
1744271859557 0.82648 27
1744271878112 0.77986 28
1744271878124 0.77986 28
1744271896107 0.68871 29
1744271896124 0.68871 29
1744271914264 0.88193 30
1744271914273 0.88193 30
1744271932116 0.79135 31
1744271932128 0.79135 31
1744271950661 0.81893 32
1744271950681 0.81893 32
1744271969094 0.87173 33
1744271969103 0.87173 33
1744271987878 0.80889 34
1744271987893 0.80889 34
1744272006277 0.81292 35
1744272006288 0.81292 35
1744272024189 0.82773 36
1744272024199 0.82773 36
1744272042508 0.90249 37
1744272042523 0.90249 37
1744272060848 0.81286 38
1744272060866 0.81286 38
1744272079338 0.80827 39
1744272079350 0.80827 39
1744272098560 0.84702 40
1744272098571 0.84702 40
1744272117211 0.82296 41
1744272117220 0.82296 41
1744272136491 0.80289 42
1744272136501 0.80289 42
1744272154988 0.77619 43
1744272155004 0.77619 43
1744272173696 0.83705 44
1744272173718 0.83705 44
1744272192035 0.82156 45
1744272192062 0.82156 45
1744272210564 0.75512 46
1744272210583 0.75512 46
1744272228960 0.85148 47
1744272228975 0.85148 47
1744272247391 0.81534 48
1744272247406 0.81534 48
1744272266068 0.88452 49
1744272266078 0.88452 49
1744272285113 0.83641 50
1744272285127 0.83641 50
1744272303154 0.88169 51
1744272303168 0.88169 51
1744272321794 0.89006 52
1744272321810 0.89006 52
1744272340855 0.84025 53
1744272340872 0.84025 53
1744272359848 0.86036 54
1744272359860 0.86036 54
1744272378792 0.8825 55
1744272378801 0.8825 55
1744272397749 0.87735 56
1744272397758 0.87735 56
1744272416222 0.86495 57
1744272416232 0.86495 57
1744272434903 0.79977 58
1744272434920 0.79977 58
1744272453054 0.84744 59
1744272453063 0.84744 59
1744272471483 0.8518 60
1744272471498 0.8518 60
1744272490219 0.87527 61
1744272490229 0.87527 61
1744272509695 0.8539 62
1744272509720 0.8539 62
1744272528074 0.88518 63
1744272528093 0.88518 63
1744272546553 0.83376 64
1744272546563 0.83376 64
1744272565328 0.85949 65
1744272565340 0.85949 65
1744272584393 0.88306 66
1744272584411 0.88306 66
1744272602776 0.89664 67
1744272602786 0.89664 67
1744272621058 0.85739 68
1744272621071 0.85739 68
1744272639111 0.8933 69
1744272639126 0.8933 69
1744272657797 0.86686 70
1744272657807 0.86686 70
1744272676433 0.86141 71
1744272676443 0.86141 71
1744272695048 0.87655 72
1744272695058 0.87655 72
1744272714113 0.88553 73
1744272714122 0.88553 73
1744272733012 0.82127 74
1744272733023 0.82127 74
1744272752110 0.91574 75
1744272752120 0.91574 75
1744272771038 0.90521 76
1744272771047 0.90521 76
1744272789601 0.89631 77
1744272789615 0.89631 77
1744272808310 0.88928 78
1744272808319 0.88928 78
1744272827276 0.85937 79
1744272827291 0.85937 79
1744272846485 0.926 80
1744272846495 0.926 80
1744272864901 0.89759 81
1744272864915 0.89759 81
1744272884090 0.88314 82
1744272884099 0.88314 82
1744272903044 0.90853 83
1744272903058 0.90853 83
1744272922062 0.8928 84
1744272922079 0.8928 84
1744272948186 0.88345 85
1744272948198 0.88345 85
1744272973657 0.81691 86
1744272973680 0.81691 86
1744272993159 0.89965 87
1744272993171 0.89965 87
1744273011055 0.91701 88
1744273011064 0.91701 88
1744273028922 0.92691 89
1744273028936 0.92691 89
1744273079563 0.92717 90
1744273079579 0.92717 90
1744273097520 0.88653 91
1744273097533 0.88653 91
1744273115303 0.94436 92
1744273115319 0.94436 92
1744273133301 0.93683 93
1744273133320 0.93683 93
1744273151164 0.94231 94
1744273151176 0.94231 94
1744273169203 0.92727 95
1744273169215 0.92727 95
1744273187602 0.91885 96
1744273187634 0.91885 96
1744273205983 0.89096 97
1744273205993 0.89096 97
1744273223956 0.90169 98
1744273223969 0.90169 98
1744273242410 0.91864 99
1744273242435 0.91864 99
1744273245824 0.9186240983952316 99
1744273245833 0.9186240983952316 99
