1744271360827 0.07843 0
1744271360840 0.07843 0
1744271380566 0.35294 1
1744271380580 0.35294 1
1744271399042 0.27451 2
1744271399063 0.27451 2
1744271417166 0.14706 3
1744271417180 0.14706 3
1744271435465 0.16667 4
1744271435476 0.16667 4
1744271453559 0.18758 5
1744271453579 0.18758 5
1744271472212 0.47758 6
1744271472236 0.47758 6
1744271490151 0.59804 7
1744271490169 0.59804 7
1744271508940 0.61765 8
1744271508958 0.61765 8
1744271527407 0.58237 9
1744271527426 0.58237 9
1744271545565 0.5098 10
1744271545579 0.5098 10
1744271564221 0.62745 11
1744271564249 0.62745 11
1744271582546 0.67069 12
1744271582557 0.67069 12
1744271600535 0.67647 13
1744271600550 0.67647 13
1744271619340 0.68627 14
1744271619350 0.68627 14
1744271637686 0.66376 15
1744271637705 0.66376 15
1744271656411 0.64706 16
1744271656419 0.64706 16
1744271674756 0.7451 17
1744271674765 0.7451 17
1744271693598 0.69434 18
1744271693608 0.69434 18
1744271711979 0.77944 19
1744271711995 0.77944 19
1744271730554 0.73972 20
1744271730578 0.73972 20
1744271748861 0.82353 21
1744271748870 0.82353 21
1744271767147 0.72549 22
1744271767159 0.72549 22
1744271785521 0.7451 23
1744271785534 0.7451 23
1744271804475 0.80392 24
1744271804497 0.80392 24
1744271822926 0.79528 25
1744271822941 0.79528 25
1744271841174 0.72549 26
1744271841190 0.72549 26
1744271859535 0.77451 27
1744271859557 0.77451 27
1744271878112 0.82353 28
1744271878124 0.82353 28
1744271896107 0.77451 29
1744271896124 0.77451 29
1744271914264 0.73529 30
1744271914273 0.73529 30
1744271932116 0.77451 31
1744271932128 0.77451 31
1744271950661 0.79813 32
1744271950681 0.79813 32
1744271969094 0.72549 33
1744271969103 0.72549 33
1744271987878 0.7451 34
1744271987893 0.7451 34
1744272006277 0.81373 35
1744272006288 0.81373 35
1744272024189 0.75373 36
1744272024199 0.75373 36
1744272042508 0.7549 37
1744272042523 0.7549 37
1744272060848 0.78431 38
1744272060866 0.78431 38
1744272079338 0.78431 39
1744272079350 0.78431 39
1744272098560 0.79412 40
1744272098571 0.79412 40
1744272117211 0.83333 41
1744272117220 0.83333 41
1744272136491 0.75878 42
1744272136501 0.75878 42
1744272154988 0.83333 43
1744272155004 0.83333 43
1744272173696 0.84314 44
1744272173718 0.84314 44
1744272192035 0.81373 45
1744272192062 0.81373 45
1744272210564 0.65686 46
1744272210583 0.65686 46
1744272228960 0.84311 47
1744272228975 0.84311 47
1744272247391 0.84314 48
1744272247406 0.84314 48
1744272266068 0.77451 49
1744272266078 0.77451 49
1744272285113 0.83333 50
1744272285127 0.83333 50
1744272303154 0.76471 51
1744272303168 0.76471 51
1744272321794 0.79375 52
1744272321810 0.79375 52
1744272340855 0.86275 53
1744272340872 0.86275 53
1744272359848 0.84314 54
1744272359860 0.84314 54
1744272378792 0.80996 55
1744272378801 0.80996 55
1744272397749 0.80392 56
1744272397758 0.80392 56
1744272416222 0.81633 57
1744272416232 0.81633 57
1744272434903 0.86152 58
1744272434920 0.86152 58
1744272453054 0.82353 59
1744272453063 0.82353 59
1744272471483 0.83333 60
1744272471498 0.83333 60
1744272490219 0.82558 61
1744272490229 0.82558 61
1744272509695 0.85952 62
1744272509720 0.85952 62
1744272528074 0.84314 63
1744272528093 0.84314 63
1744272546553 0.91176 64
1744272546563 0.91176 64
1744272565328 0.83959 65
1744272565340 0.83959 65
1744272584393 0.88235 66
1744272584411 0.88235 66
1744272602776 0.85047 67
1744272602786 0.85047 67
1744272621058 0.88413 68
1744272621071 0.88413 68
1744272639111 0.84314 69
1744272639126 0.84314 69
1744272657797 0.82981 70
1744272657807 0.82981 70
1744272676433 0.85309 71
1744272676443 0.85309 71
1744272695048 0.83533 72
1744272695058 0.83533 72
1744272714113 0.83424 73
1744272714122 0.83424 73
1744272733012 0.85294 74
1744272733023 0.85294 74
1744272752110 0.85236 75
1744272752120 0.85236 75
1744272771038 0.84266 76
1744272771047 0.84266 76
1744272789601 0.84314 77
1744272789615 0.84314 77
1744272808310 0.83333 78
1744272808319 0.83333 78
1744272827276 0.87255 79
1744272827291 0.87255 79
1744272846485 0.84314 80
1744272846495 0.84314 80
1744272864901 0.85927 81
1744272864915 0.85927 81
1744272884090 0.89216 82
1744272884099 0.89216 82
1744272903044 0.87643 83
1744272903058 0.87643 83
1744272922062 0.87255 84
1744272922079 0.87255 84
1744272948186 0.89181 85
1744272948198 0.89181 85
1744272973657 0.9186 86
1744272973680 0.9186 86
1744272993159 0.87894 87
1744272993171 0.87894 87
1744273011055 0.86671 88
1744273011064 0.86671 88
1744273028922 0.86275 89
1744273028936 0.86275 89
1744273079563 0.84314 90
1744273079579 0.84314 90
1744273097520 0.87255 91
1744273097533 0.87255 91
1744273115303 0.87255 92
1744273115319 0.87255 92
1744273133301 0.87231 93
1744273133320 0.87231 93
1744273151164 0.90196 94
1744273151176 0.90196 94
1744273169203 0.87503 95
1744273169215 0.87503 95
1744273187602 0.88235 96
1744273187634 0.88235 96
1744273205983 0.92157 97
1744273205993 0.92157 97
1744273223956 0.92157 98
1744273223969 0.92157 98
1744273242410 0.88563 99
1744273242435 0.88563 99
1744273245824 0.8854056404785999 99
1744273245833 0.8854056404785999 99
