1744292480438 0.7899806499481201 0
1744292480532 0.8164066672325134 1
1744292480575 0.8120298981666565 2
1744292480629 0.8191361427307129 3
1744292480673 0.838398277759552 4
1744292480722 0.8384308815002441 5
1744292480760 0.8405135869979858 6
1744292480802 0.8434177041053772 7
1744292480846 0.8421081304550171 8
1744292480898 0.8467826843261719 9
1744292480932 0.8400108814239502 10
1744292480966 0.840351402759552 11
1744292480996 0.8360623121261597 12
1744292481027 0.8551225066184998 13
1744292481070 0.8587729334831238 14
1744292481102 0.4374177157878876 15
1744292481134 0.6092256307601929 16
1744292481165 0.687972366809845 17
1744292481198 0.7420323491096497 18
1744292481229 0.0 19
1744292481261 0.0 20
1744292481292 0.0 21
1744292481330 0.3165460526943207 22
1744292481371 0.0 23
1744292481420 0.0 24
1744292481464 0.0 25
1744292481513 0.0 26
1744292481556 0.0 27
1744292481587 0.0 28
1744292481631 0.0 29
1744292481668 0.3151226043701172 30
1744292481700 0.0 31
1744292481746 0.0 32
1744292481794 0.6248652935028076 33
1744292481835 0.7884195446968079 34
1744292481880 0.7816770672798157 35
1744292481912 0.7875126600265503 36
1744292481956 0.7790719270706177 37
1744292482004 0.7908555269241333 38
1744292482053 0.7953364849090576 39
1744292482085 0.7972161173820496 40
1744292482116 0.7909086346626282 41
1744292482167 0.7976230382919312 42
1744292482206 0.7991871237754822 43
1744292482239 0.7887776494026184 44
1744292482271 0.7849129438400269 45
1744292482320 0.784328043460846 46
1744292482366 0.7801960706710815 47
1744292482407 0.7771672606468201 48
1744292482439 0.7807552814483643 49
1744292482471 0.778939425945282 50
1744292482525 0.7797939777374268 51
1744292482569 0.7815287113189697 52
1744292482608 0.784913182258606 53
1744292482640 0.782002329826355 54
1744292482671 0.7766159772872925 55
1744292482704 0.7849360108375549 56
1744292482736 0.7901413440704346 57
1744292482765 0.7769073843955994 58
1744292482799 0.7782649397850037 59
1744292482851 0.7739434242248535 60
1744292482896 0.7617542147636414 61
1744292482940 0.782408595085144 62
1744292482987 0.7761183381080627 63
1744292483034 0.7735137343406677 64
1744292483077 0.800620436668396 65
1744292483108 0.7755920886993408 66
1744292483140 0.7947729825973511 67
1744292483172 0.8174484968185425 68
1744292483223 0.8292432427406311 69
1744292483266 0.8258519172668457 70
1744292483296 0.7984362840652466 71
1744292483342 0.7822381854057312 72
1744292483374 0.7961781620979309 73
1744292483423 0.7624959945678711 74
1744292483478 0.7820594906806946 75
1744292483519 0.7854546904563904 76
1744292483548 0.8038782477378845 77
1744292483595 0.8002089262008667 78
1744292483650 0.8241077065467834 79
1744292483688 0.8284231424331665 80
1744292483732 0.8342372179031372 81
1744292483763 0.8265502452850342 82
1744292483812 0.8250777721405029 83
1744292483839 0.823283314704895 84
1744292483871 0.820386528968811 85
1744292483920 0.8205886483192444 86
1744292483952 0.8142586946487427 87
1744292483984 0.8060119152069092 88
1744292484021 0.8022421598434448 89
1744292484067 0.7732059955596924 90
1744292484106 0.7751013040542603 91
1744292484153 0.7828635573387146 92
1744292484184 0.7852881550788879 93
1744292484229 0.7874847650527954 94
1744292484270 0.7960903644561768 95
1744292484302 0.7956724762916565 96
1744292484332 0.7948306798934937 97
1744292484366 0.8065361380577087 98
1744292484398 0.8045367002487183 99
1744292484431 0.7907411456108093 100
1744292484474 0.7925832271575928 101
1744292484505 0.7822231650352478 102
1744292484562 0.7938665151596069 103
1744292484602 0.7940397262573242 104
1744292484648 0.8025749921798706 105
1744292484679 0.7995498180389404 106
1744292484726 0.7990507483482361 107
1744292484772 0.7999986410140991 108
1744292484803 0.8072375655174255 109
1744292484851 0.8027729392051697 110
1744292484879 0.7901616096496582 111
1744292484909 0.7890058159828186 112
1744292484941 0.7910186648368835 113
1744292484973 0.8057534098625183 114
1744292485005 0.8061729073524475 115
1744292485053 0.8203466534614563 116
1744292485100 0.8127908706665039 117
1744292485146 0.8106915950775146 118
1744292485177 0.8117753267288208 119
1744292485211 0.8055129647254944 120
1744292485247 0.807725191116333 121
1744292485282 0.8065807819366455 122
1744292485312 0.8132227063179016 123
1744292485341 0.8072280287742615 124
1744292485375 0.8058100342750549 125
1744292485405 0.7995206117630005 126
1744292485440 0.7852989435195923 127
1744292485490 0.8014727234840393 128
1744292485533 0.7999261617660522 129
1744292485563 0.8052590489387512 130
1744292485595 0.79562908411026 131
1744292485626 0.8024344444274902 132
1744292485660 0.8109537959098816 133
1744292485709 0.8073710799217224 134
1744292485751 0.8094579577445984 135
1744292485798 0.7988502383232117 136
1744292485841 0.7976343035697937 137
1744292485874 0.7967013716697693 138
1744292485902 0.7941759824752808 139
1744292485933 0.8053142428398132 140
1744292485965 0.795128583908081 141
1744292485997 0.791343629360199 142
1744292486031 0.793820858001709 143
1744292486075 0.8067893981933594 144
1744292486106 0.7508033514022827 145
1744292486139 0.5424270629882812 146
1744292486192 0.0 147
1744292486232 0.0 148
1744292486280 0.4898378252983093 149
1744292486327 0.0 150
1744292486369 0.0 151
1744292486404 0.0 152
1744292486451 0.3059793710708618 153
1744292486482 0.0 154
1744292486515 0.0 155
1744292486558 0.0 156
1744292486588 0.0 157
1744292486620 0.28434112668037415 158
1744292486651 0.0 159
1744292486681 0.0 160
1744292486713 0.0 161
1744292486744 0.0 162
1744292486774 0.0 163
1744292486806 0.0 164
1744292486838 0.0 165
1744292486883 0.0 166
1744292486918 0.3452535569667816 167
1744292486969 0.5123506784439087 168
1744292487006 0.4416344463825226 169
1744292487038 0.5327087044715881 170
1744292487071 0.4573003649711609 171
1744292487102 0.0 172
1744292487132 0.34470900893211365 173
1744292487166 0.4262600243091583 174
1744292487216 0.46534496545791626 175
1744292487259 0.4375610947608948 176
1744292487291 0.4095326364040375 177
1744292487321 0.3999210596084595 178
1744292487354 0.5561434626579285 179
1744292487405 0.773368239402771 180
1744292487448 0.7828797101974487 181
1744292487496 0.7790858745574951 182
1744292487547 0.7748163938522339 183
1744292487590 0.7831921577453613 184
1744292487634 0.7923053503036499 185
1744292487665 0.7937995195388794 186
1744292487710 0.7953802347183228 187
1744292487760 0.7959845066070557 188
1744292487807 0.7907838821411133 189
1744292487851 0.7940043210983276 190
1744292487897 0.7867806553840637 191
1744292487946 0.7806848883628845 192
1744292487993 0.5697226524353027 193
1744292488040 0.5381412506103516 194
1744292488096 0.6654288172721863 195
1744292488133 0.43321722745895386 196
1744292488175 0.6207878589630127 197
1744292488206 0.7835850715637207 198
1744292488239 0.7941293716430664 199
1744292488284 0.7866855263710022 200
1744292488334 0.784152090549469 201
1744292488381 0.7944906949996948 202
1744292488427 0.7968891263008118 203
1744292488475 0.7904018759727478 204
1744292488520 0.7831851840019226 205
1744292488569 0.7980353832244873 206
1744292488603 0.79017174243927 207
1744292488642 0.7950223684310913 208
1744292488676 0.7961207628250122 209
1744292488704 0.7967124581336975 210
1744292488754 0.7921168208122253 211
1744292488800 0.792813777923584 212
1744292488848 0.7901431322097778 213
1744292488894 0.769379734992981 214
1744292488943 0.7563891410827637 215
1744292488990 0.7370181083679199 216
1744292489035 0.6666324138641357 217
1744292489083 0.5505411624908447 218
1744292489131 0.8243794441223145 219
1744292489176 0.8241007328033447 220
1744292489223 0.8234527111053467 221
1744292489272 0.8346853852272034 222
1744292489316 0.8233403563499451 223
1744292489362 0.824914276599884 224
1744292489409 0.8316359519958496 225
1744292489440 0.8336387276649475 226
1744292489488 0.8277415037155151 227
1744292489535 0.8354037404060364 228
1744292489573 0.8209702372550964 229
1744292489612 0.7837375402450562 230
1744292489649 0.762039840221405 231
1744292489692 0.7542811632156372 232
1744292489741 0.7236586809158325 233
1744292489788 0.7585262656211853 234
1744292489833 0.7599238753318787 235
1744292489882 0.7591615915298462 236
1744292489926 0.7322416305541992 237
1744292489969 0.7301502227783203 238
1744292490000 0.7297396659851074 239
1744292490032 0.7499033808708191 240
1744292490082 0.7432053089141846 241
1744292490131 0.7565327286720276 242
1744292490176 0.7466624975204468 243
1744292490225 0.7421973347663879 244
1744292490262 0.7455024123191833 245
1744292490298 0.7230832576751709 246
1744292490346 0.7538416385650635 247
1744292490393 0.757983386516571 248
1744292490439 0.79325270652771 249
1744292490481 0.8032715916633606 250
1744292490532 0.8031401634216309 251
1744292490578 0.7983478307723999 252
1744292490627 0.8023695945739746 253
1744292490671 0.7997406125068665 254
1744292490715 0.7908610105514526 255
1744292490750 0.772015392780304 256
1744292490798 0.7834028005599976 257
1744292490843 0.7817069292068481 258
1744292490886 0.7770697474479675 259
1744292490922 0.7846638560295105 260
1744292490969 0.7744146585464478 261
1744292491016 0.7754604816436768 262
1744292491061 0.7650725841522217 263
1744292491105 0.7733685970306396 264
1744292491156 0.7796930074691772 265
1744292491202 0.7724413275718689 266
1744292491248 0.7939356565475464 267
1744292491287 0.7839351892471313 268
1744292491327 0.7835955023765564 269
1744292491373 0.7949911952018738 270
1744292491410 0.7978602647781372 271
1744292491448 0.7859280109405518 272
1744292491500 0.7905294299125671 273
1744292491544 0.7872495055198669 274
1744292491594 0.802359938621521 275
1744292491634 0.7903154492378235 276
1744292491668 0.7967288494110107 277
1744292491715 0.7988409399986267 278
1744292491752 0.661522626876831 279
1744292491795 0.620566189289093 280
1744292491840 0.679498016834259 281
1744292491889 0.7294040322303772 282
1744292491936 0.7316179275512695 283
1744292491981 0.6810476779937744 284
1744292492021 0.5987788438796997 285
1744292492057 0.6416587829589844 286
1744292492107 0.6380476355552673 287
1744292492142 0.6846991777420044 288
1744292492183 0.6683169007301331 289
1744292492232 0.6913889050483704 290
1744292492275 0.6970612406730652 291
1744292492322 0.6837717890739441 292
1744292492358 0.6901842355728149 293
1744292492404 0.6542404890060425 294
1744292492438 0.6851924061775208 295
1744292492477 0.568223237991333 296
1744292492521 0.3489542305469513 297
1744292492568 0.6752035021781921 298
1744292492608 0.6555012464523315 299
1744292492642 0.6747567057609558 300
1744292492692 0.6635164618492126 301
1744292492738 0.6835636496543884 302
1744292492781 0.6752579212188721 303
1744292492816 0.6921500563621521 304
1744292492860 0.707146167755127 305
1744292492911 0.7108698487281799 306
1744292492958 0.7085801959037781 307
1744292493000 0.7147295475006104 308
1744292493051 0.689028799533844 309
1744292493092 0.6905803084373474 310
1744292493145 0.6551535129547119 311
1744292493192 0.6840689778327942 312
1744292493235 0.6752727627754211 313
1744292493285 0.6511656045913696 314
1744292493333 0.6716508269309998 315
1744292493379 0.6959788799285889 316
1744292493408 0.6734748482704163 317
1744292493441 0.6444375514984131 318
1744292493488 0.6459611654281616 319
1744292493533 0.693233072757721 320
1744292493569 0.69331955909729 321
1744292493616 0.6963490843772888 322
1744292493657 0.7134071588516235 323
1744292493689 0.7449384927749634 324
1744292493737 0.26023373007774353 325
1744292493782 0.0 326
1744292493817 0.6394392848014832 327
1744292493862 0.6882057189941406 328
1744292493905 0.7365947961807251 329
1744292493936 0.7253316044807434 330
1744292493970 0.7359610795974731 331
1744292494002 0.7286955714225769 332
1744292494038 0.7443878650665283 333
1744292494086 0.750421404838562 334
1744292494119 0.7255111336708069 335
1744292494154 0.6800927519798279 336
1744292494187 0.7584033012390137 337
1744292494235 0.7698049545288086 338
1744292494281 0.7840104103088379 339
1744292494331 0.7643522024154663 340
1744292494375 0.7775058150291443 341
1744292494408 0.7694123983383179 342
1744292494449 0.7945601940155029 343
1744292494488 0.7995331883430481 344
1744292494529 0.7867671847343445 345
1744292494579 0.784798264503479 346
1744292494625 0.7914201021194458 347
1744292494673 0.8051595091819763 348
1744292494717 0.8131136298179626 349
1744292494765 0.8268922567367554 350
1744292494812 0.8239952921867371 351
1744292494845 0.8204317688941956 352
1744292494886 0.8190004229545593 353
1744292494928 0.8385355472564697 354
1744292494961 0.8225738406181335 355
1744292494995 0.8123231530189514 356
1744292495044 0.8147867321968079 357
1744292495091 0.8623334169387817 358
1744292495137 0.833825409412384 359
1744292495179 0.8432257771492004 360
1744292495228 0.8444379568099976 361
1744292495275 0.846333920955658 362
1744292495311 0.848699688911438 363
1744292495351 0.8256157636642456 364
1744292495398 0.8387773633003235 365
1744292495441 0.7892127633094788 366
1744292495474 0.8114125728607178 367
1744292495520 0.8050234913825989 368
1744292495568 0.8219419717788696 369
1744292495603 0.81693434715271 370
1744292495643 0.8281505107879639 371
1744292495690 0.8017624020576477 372
1744292495738 0.7983801364898682 373
1744292495782 0.7692718505859375 374
1744292495827 0.8122438192367554 375
1744292495861 0.8166922330856323 376
1744292495893 0.8450731635093689 377
1744292495936 0.8567279577255249 378
1744292495970 0.8601044416427612 379
1744292496014 0.8612610101699829 380
1744292496047 0.8543512225151062 381
1744292496101 0.8569732904434204 382
1744292496135 0.8540700078010559 383
1744292496170 0.8561692833900452 384
1744292496202 0.8482080698013306 385
1744292496245 0.8507677912712097 386
1744292496278 0.8495162725448608 387
1744292496311 0.8477633595466614 388
1744292496343 0.8595840930938721 389
1744292496377 0.8661518692970276 390
1744292496413 0.8381380438804626 391
1744292496447 0.8518109917640686 392
1744292496478 0.845208466053009 393
1744292496508 0.8349621295928955 394
1744292496539 0.8183124661445618 395
1744292496583 0.800097644329071 396
1744292496632 0.7476111054420471 397
1744292496677 0.7532831430435181 398
1744292496708 0.7443267107009888 399
1744292496739 0.7413336038589478 400
1744292496770 0.7699153423309326 401
1744292496800 0.7826113700866699 402
1744292496831 0.7612966895103455 403
1744292496879 0.7727806568145752 404
1744292496909 0.8288018703460693 405
1744292496940 0.8417133688926697 406
1744292496994 0.8363769054412842 407
1744292497026 0.8521602749824524 408
1744292497059 0.8425204753875732 409
1744292497097 0.8479208946228027 410
1744292497142 0.824741780757904 411
1744292497194 0.8201805949211121 412
1744292497237 0.8139028549194336 413
1744292497282 0.814448356628418 414
1744292497310 0.8244999647140503 415
1744292497344 0.833407461643219 416
1744292497390 0.8195544481277466 417
1744292497422 0.8435851335525513 418
1744292497452 0.8379583358764648 419
1744292497499 0.8420129418373108 420
1744292497547 0.8001245260238647 421
1744292497600 0.8175505995750427 422
1744292497631 0.8460286855697632 423
1744292497662 0.7098420262336731 424
1744292497701 0.553290069103241 425
1744292497745 0.7349430918693542 426
1744292497777 0.8136425018310547 427
1744292497808 0.8141373991966248 428
1744292497840 0.8216713666915894 429
1744292497873 0.824982762336731 430
1744292497919 0.8505195379257202 431
1744292497968 0.8424081802368164 432
1744292498011 0.8494734168052673 433
1744292498056 0.8616200685501099 434
1744292498089 0.8380180597305298 435
1744292498134 0.8325499296188354 436
1744292498169 0.84538334608078 437
1744292498209 0.8528437614440918 438
1744292498247 0.8557702898979187 439
1744292498277 0.8576403856277466 440
1744292498316 0.837389349937439 441
1744292498347 0.8385626077651978 442
1744292498380 0.8480304479598999 443
1744292498428 0.8517194390296936 444
1744292498473 0.8394068479537964 445
1744292498519 0.8464478254318237 446
1744292498565 0.8608110547065735 447
1744292498610 0.8530924320220947 448
1744292498640 0.8156312704086304 449
1744292498673 0.8257467746734619 450
1744292498723 0.8198040723800659 451
1744292498767 0.810016930103302 452
1744292498817 0.7755933403968811 453
1744292498861 0.7554407715797424 454
1744292498914 0.7912507057189941 455
1744292498953 0.8007438778877258 456
1744292498998 0.7783358693122864 457
1744292499045 0.7770679593086243 458
1744292499095 0.8009191155433655 459
1744292499136 0.8225224614143372 460
1744292499182 0.8274059295654297 461
1744292499214 0.8330206871032715 462
1744292499262 0.8339389562606812 463
1744292499307 0.8288611769676208 464
1744292499351 0.8065632581710815 465
1744292499401 0.8152056336402893 466
1744292499437 0.820044219493866 467
1744292499473 0.8246731162071228 468
1744292499508 0.8328918814659119 469
1744292499542 0.8341068029403687 470
1744292499588 0.8278876543045044 471
1744292499632 0.8312559723854065 472
1744292499669 0.8250424861907959 473
1744292499713 0.8392941355705261 474
1744292499762 0.8626355528831482 475
1744292499807 0.8598710894584656 476
1744292499855 0.8261765837669373 477
1744292499900 0.8214340806007385 478
1744292499948 0.8287106156349182 479
1744292499996 0.8369974493980408 480
1744292500045 0.832920491695404 481
1744292500088 0.8190799355506897 482
1744292500137 0.8424317240715027 483
1744292500177 0.8289744257926941 484
1744292500209 0.7998108267784119 485
1744292500240 0.7654353380203247 486
1744292500273 0.7493253350257874 487
1744292500321 0.7601147890090942 488
1744292500364 0.7854456901550293 489
