1744292480438 1.0 0
1744292480532 1.0 1
1744292480575 1.0 2
1744292480629 1.0 3
1744292480673 1.0 4
1744292480722 1.0 5
1744292480760 1.0 6
1744292480802 1.0 7
1744292480846 1.0 8
1744292480898 1.0 9
1744292480932 1.0 10
1744292480966 1.0 11
1744292480996 1.0 12
1744292481027 1.0 13
1744292481070 1.0 14
1744292481102 1.0 15
1744292481134 1.0 16
1744292481165 1.0 17
1744292481198 1.0 18
1744292481229 0.0 19
1744292481261 0.0 20
1744292481292 0.0 21
1744292481330 1.0 22
1744292481371 0.0 23
1744292481420 0.0 24
1744292481464 0.0 25
1744292481513 0.0 26
1744292481556 0.0 27
1744292481587 0.0 28
1744292481631 0.0 29
1744292481668 1.0 30
1744292481700 0.0 31
1744292481746 0.0 32
1744292481794 1.0 33
1744292481835 1.0 34
1744292481880 1.0 35
1744292481912 1.0 36
1744292481956 1.0 37
1744292482004 1.0 38
1744292482053 1.0 39
1744292482085 1.0 40
1744292482116 1.0 41
1744292482167 1.0 42
1744292482206 1.0 43
1744292482239 1.0 44
1744292482271 1.0 45
1744292482320 1.0 46
1744292482366 1.0 47
1744292482407 1.0 48
1744292482439 1.0 49
1744292482471 1.0 50
1744292482525 1.0 51
1744292482569 1.0 52
1744292482608 1.0 53
1744292482640 1.0 54
1744292482671 1.0 55
1744292482704 1.0 56
1744292482736 1.0 57
1744292482765 1.0 58
1744292482799 1.0 59
1744292482851 1.0 60
1744292482896 1.0 61
1744292482940 1.0 62
1744292482987 1.0 63
1744292483034 1.0 64
1744292483077 1.0 65
1744292483108 1.0 66
1744292483140 1.0 67
1744292483172 1.0 68
1744292483223 1.0 69
1744292483266 1.0 70
1744292483296 1.0 71
1744292483342 1.0 72
1744292483374 1.0 73
1744292483423 1.0 74
1744292483478 1.0 75
1744292483519 1.0 76
1744292483548 1.0 77
1744292483595 1.0 78
1744292483650 1.0 79
1744292483688 1.0 80
1744292483732 1.0 81
1744292483763 1.0 82
1744292483812 1.0 83
1744292483839 1.0 84
1744292483871 1.0 85
1744292483920 1.0 86
1744292483952 1.0 87
1744292483984 1.0 88
1744292484021 1.0 89
1744292484067 1.0 90
1744292484106 1.0 91
1744292484153 1.0 92
1744292484184 1.0 93
1744292484229 1.0 94
1744292484270 1.0 95
1744292484302 1.0 96
1744292484332 1.0 97
1744292484366 1.0 98
1744292484398 1.0 99
1744292484431 1.0 100
1744292484474 1.0 101
1744292484505 1.0 102
1744292484562 1.0 103
1744292484602 1.0 104
1744292484648 1.0 105
1744292484679 1.0 106
1744292484726 1.0 107
1744292484772 1.0 108
1744292484803 1.0 109
1744292484851 1.0 110
1744292484879 1.0 111
1744292484909 1.0 112
1744292484941 1.0 113
1744292484973 1.0 114
1744292485005 1.0 115
1744292485053 1.0 116
1744292485100 1.0 117
1744292485146 1.0 118
1744292485177 1.0 119
1744292485211 1.0 120
1744292485247 1.0 121
1744292485282 1.0 122
1744292485312 1.0 123
1744292485341 1.0 124
1744292485375 1.0 125
1744292485405 1.0 126
1744292485440 1.0 127
1744292485490 1.0 128
1744292485533 1.0 129
1744292485563 1.0 130
1744292485595 1.0 131
1744292485626 1.0 132
1744292485660 1.0 133
1744292485709 1.0 134
1744292485751 1.0 135
1744292485798 1.0 136
1744292485841 1.0 137
1744292485874 1.0 138
1744292485902 1.0 139
1744292485933 1.0 140
1744292485965 1.0 141
1744292485997 1.0 142
1744292486031 1.0 143
1744292486075 1.0 144
1744292486106 1.0 145
1744292486139 1.0 146
1744292486192 0.0 147
1744292486232 0.0 148
1744292486280 1.0 149
1744292486327 0.0 150
1744292486369 0.0 151
1744292486404 0.0 152
1744292486451 1.0 153
1744292486482 0.0 154
1744292486515 0.0 155
1744292486558 0.0 156
1744292486588 0.0 157
1744292486620 1.0 158
1744292486651 0.0 159
1744292486681 0.0 160
1744292486713 0.0 161
1744292486744 0.0 162
1744292486774 0.0 163
1744292486806 0.0 164
1744292486838 0.0 165
1744292486883 0.0 166
1744292486918 1.0 167
1744292486969 1.0 168
1744292487006 1.0 169
1744292487038 1.0 170
1744292487071 1.0 171
1744292487102 0.0 172
1744292487132 1.0 173
1744292487166 1.0 174
1744292487216 1.0 175
1744292487259 1.0 176
1744292487291 1.0 177
1744292487321 1.0 178
1744292487354 1.0 179
1744292487405 1.0 180
1744292487448 1.0 181
1744292487496 1.0 182
1744292487547 1.0 183
1744292487590 1.0 184
1744292487634 1.0 185
1744292487665 1.0 186
1744292487710 1.0 187
1744292487760 1.0 188
1744292487807 1.0 189
1744292487851 1.0 190
1744292487897 1.0 191
1744292487946 1.0 192
1744292487993 1.0 193
1744292488040 1.0 194
1744292488096 1.0 195
1744292488133 1.0 196
1744292488175 1.0 197
1744292488206 1.0 198
1744292488239 1.0 199
1744292488284 1.0 200
1744292488334 1.0 201
1744292488381 1.0 202
1744292488427 1.0 203
1744292488475 1.0 204
1744292488520 1.0 205
1744292488569 1.0 206
1744292488603 1.0 207
1744292488642 1.0 208
1744292488676 1.0 209
1744292488704 1.0 210
1744292488754 1.0 211
1744292488800 1.0 212
1744292488848 1.0 213
1744292488894 1.0 214
1744292488943 1.0 215
1744292488990 1.0 216
1744292489035 1.0 217
1744292489083 1.0 218
1744292489131 1.0 219
1744292489176 1.0 220
1744292489223 1.0 221
1744292489272 1.0 222
1744292489316 1.0 223
1744292489362 1.0 224
1744292489409 1.0 225
1744292489440 1.0 226
1744292489488 1.0 227
1744292489535 1.0 228
1744292489573 1.0 229
1744292489612 1.0 230
1744292489649 1.0 231
1744292489692 1.0 232
1744292489741 1.0 233
1744292489788 1.0 234
1744292489833 1.0 235
1744292489882 1.0 236
1744292489926 1.0 237
1744292489969 1.0 238
1744292490000 1.0 239
1744292490032 1.0 240
1744292490082 1.0 241
1744292490131 1.0 242
1744292490176 1.0 243
1744292490225 1.0 244
1744292490262 1.0 245
1744292490298 1.0 246
1744292490346 1.0 247
1744292490393 1.0 248
1744292490439 1.0 249
1744292490481 1.0 250
1744292490532 1.0 251
1744292490578 1.0 252
1744292490627 1.0 253
1744292490671 1.0 254
1744292490715 1.0 255
1744292490750 1.0 256
1744292490798 1.0 257
1744292490843 1.0 258
1744292490886 1.0 259
1744292490922 1.0 260
1744292490969 1.0 261
1744292491016 1.0 262
1744292491061 1.0 263
1744292491105 1.0 264
1744292491156 1.0 265
1744292491202 1.0 266
1744292491248 1.0 267
1744292491287 1.0 268
1744292491327 1.0 269
1744292491373 1.0 270
1744292491410 1.0 271
1744292491448 1.0 272
1744292491500 1.0 273
1744292491544 1.0 274
1744292491594 1.0 275
1744292491634 1.0 276
1744292491668 1.0 277
1744292491715 1.0 278
1744292491752 1.0 279
1744292491795 1.0 280
1744292491840 1.0 281
1744292491889 1.0 282
1744292491936 1.0 283
1744292491981 1.0 284
1744292492021 1.0 285
1744292492057 1.0 286
1744292492107 1.0 287
1744292492142 1.0 288
1744292492183 1.0 289
1744292492232 1.0 290
1744292492275 1.0 291
1744292492322 1.0 292
1744292492358 1.0 293
1744292492404 1.0 294
1744292492438 1.0 295
1744292492477 1.0 296
1744292492521 1.0 297
1744292492568 1.0 298
1744292492608 1.0 299
1744292492642 1.0 300
1744292492692 1.0 301
1744292492738 1.0 302
1744292492781 1.0 303
1744292492816 1.0 304
1744292492860 1.0 305
1744292492911 1.0 306
1744292492958 1.0 307
1744292493000 1.0 308
1744292493051 1.0 309
1744292493092 1.0 310
1744292493145 1.0 311
1744292493192 1.0 312
1744292493235 1.0 313
1744292493285 1.0 314
1744292493333 1.0 315
1744292493379 1.0 316
1744292493408 1.0 317
1744292493441 1.0 318
1744292493488 1.0 319
1744292493533 1.0 320
1744292493569 1.0 321
1744292493616 1.0 322
1744292493657 1.0 323
1744292493689 1.0 324
1744292493737 1.0 325
1744292493782 0.0 326
1744292493817 1.0 327
1744292493862 1.0 328
1744292493905 1.0 329
1744292493936 1.0 330
1744292493970 1.0 331
1744292494002 1.0 332
1744292494038 1.0 333
1744292494086 1.0 334
1744292494119 1.0 335
1744292494154 1.0 336
1744292494187 1.0 337
1744292494235 1.0 338
1744292494281 1.0 339
1744292494331 1.0 340
1744292494375 1.0 341
1744292494408 1.0 342
1744292494449 1.0 343
1744292494488 1.0 344
1744292494529 1.0 345
1744292494579 1.0 346
1744292494625 1.0 347
1744292494673 1.0 348
1744292494717 1.0 349
1744292494765 1.0 350
1744292494812 1.0 351
1744292494845 1.0 352
1744292494886 1.0 353
1744292494928 1.0 354
1744292494961 1.0 355
1744292494995 1.0 356
1744292495044 1.0 357
1744292495091 1.0 358
1744292495137 1.0 359
1744292495179 1.0 360
1744292495228 1.0 361
1744292495275 1.0 362
1744292495311 1.0 363
1744292495351 1.0 364
1744292495398 1.0 365
1744292495441 1.0 366
1744292495474 1.0 367
1744292495520 1.0 368
1744292495568 1.0 369
1744292495603 1.0 370
1744292495643 1.0 371
1744292495690 1.0 372
1744292495738 1.0 373
1744292495782 1.0 374
1744292495827 1.0 375
1744292495861 1.0 376
1744292495893 1.0 377
1744292495936 1.0 378
1744292495970 1.0 379
1744292496014 1.0 380
1744292496047 1.0 381
1744292496101 1.0 382
1744292496135 1.0 383
1744292496170 1.0 384
1744292496202 1.0 385
1744292496245 1.0 386
1744292496278 1.0 387
1744292496311 1.0 388
1744292496343 1.0 389
1744292496377 1.0 390
1744292496413 1.0 391
1744292496447 1.0 392
1744292496478 1.0 393
1744292496508 1.0 394
1744292496539 1.0 395
1744292496583 1.0 396
1744292496632 1.0 397
1744292496677 1.0 398
1744292496708 1.0 399
1744292496739 1.0 400
1744292496770 1.0 401
1744292496800 1.0 402
1744292496831 1.0 403
1744292496879 1.0 404
1744292496909 1.0 405
1744292496940 1.0 406
1744292496994 1.0 407
1744292497026 1.0 408
1744292497059 1.0 409
1744292497097 1.0 410
1744292497142 1.0 411
1744292497194 1.0 412
1744292497237 1.0 413
1744292497282 1.0 414
1744292497310 1.0 415
1744292497344 1.0 416
1744292497390 1.0 417
1744292497422 1.0 418
1744292497452 1.0 419
1744292497499 1.0 420
1744292497547 1.0 421
1744292497600 1.0 422
1744292497631 1.0 423
1744292497662 1.0 424
1744292497701 1.0 425
1744292497745 1.0 426
1744292497777 1.0 427
1744292497808 1.0 428
1744292497840 1.0 429
1744292497873 1.0 430
1744292497919 1.0 431
1744292497968 1.0 432
1744292498011 1.0 433
1744292498056 1.0 434
1744292498089 1.0 435
1744292498134 1.0 436
1744292498169 1.0 437
1744292498209 1.0 438
1744292498247 1.0 439
1744292498277 1.0 440
1744292498316 1.0 441
1744292498347 1.0 442
1744292498380 1.0 443
1744292498428 1.0 444
1744292498473 1.0 445
1744292498519 1.0 446
1744292498565 1.0 447
1744292498610 1.0 448
1744292498640 1.0 449
1744292498673 1.0 450
1744292498723 1.0 451
1744292498767 1.0 452
1744292498817 1.0 453
1744292498861 1.0 454
1744292498914 1.0 455
1744292498953 1.0 456
1744292498998 1.0 457
1744292499045 1.0 458
1744292499095 1.0 459
1744292499136 1.0 460
1744292499182 1.0 461
1744292499214 1.0 462
1744292499262 1.0 463
1744292499307 1.0 464
1744292499351 1.0 465
1744292499401 1.0 466
1744292499437 1.0 467
1744292499473 1.0 468
1744292499508 1.0 469
1744292499542 1.0 470
1744292499588 1.0 471
1744292499632 1.0 472
1744292499669 1.0 473
1744292499713 1.0 474
1744292499762 1.0 475
1744292499807 1.0 476
1744292499855 1.0 477
1744292499900 1.0 478
1744292499948 1.0 479
1744292499996 1.0 480
1744292500045 1.0 481
1744292500088 1.0 482
1744292500137 1.0 483
1744292500177 1.0 484
1744292500209 1.0 485
1744292500240 1.0 486
1744292500273 1.0 487
1744292500321 1.0 488
1744292500364 1.0 489
