1744293297253 0.0001 0
1744293297308 0.0001 0
1744293331965 0.05565 1
1744293331992 0.05565 1
1744293360956 0.04415 2
1744293360968 0.04415 2
1744293378949 0.04642 3
1744293378969 0.04642 3
1744293397221 0.02662 4
1744293397235 0.02662 4
1744293415034 0.05069 5
1744293415046 0.05069 5
1744293433256 0.32549 6
1744293433266 0.32549 6
1744293450823 0.27501 7
1744293450838 0.27501 7
1744293469197 0.36454 8
1744293469208 0.36454 8
1744293487112 0.33262 9
1744293487122 0.33262 9
1744293505264 0.24405 10
1744293505275 0.24405 10
1744293524869 0.41766 11
1744293524884 0.41766 11
1744293543678 0.39815 12
1744293543691 0.39815 12
1744293562553 0.41117 13
1744293562565 0.41117 13
1744293581053 0.42967 14
1744293581071 0.42967 14
1744293599236 0.40046 15
1744293599248 0.40046 15
1744293618272 0.4286 16
1744293618287 0.4286 16
1744293636491 0.42954 17
1744293636502 0.42954 17
1744293655251 0.47351 18
1744293655265 0.47351 18
1744293673413 0.46886 19
1744293673427 0.46886 19
1744293691998 0.47676 20
1744293692012 0.47676 20
1744293710450 0.46499 21
1744293710464 0.46499 21
1744293728657 0.47095 22
1744293728670 0.47095 22
1744293746774 0.45314 23
1744293746792 0.45314 23
1744293766923 0.51077 24
1744293766950 0.51077 24
1744293795706 0.47516 25
1744293795727 0.47516 25
1744293837451 0.47192 26
1744293837493 0.47192 26
1744293883165 0.49952 27
1744293883214 0.49952 27
1744293924532 0.52068 28
1744293924615 0.52068 28
1744293963821 0.43986 29
1744293963861 0.43986 29
1744294001473 0.48928 30
1744294001514 0.48928 30
1744294032769 0.48721 31
1744294032791 0.48721 31
1744294062629 0.5343 32
1744294062653 0.5343 32
1744294100173 0.52448 33
1744294100235 0.52448 33
1744294136868 0.48198 34
1744294136893 0.48198 34
1744294179758 0.52158 35
1744294179783 0.52158 35
1744294218181 0.52016 36
1744294218214 0.52016 36
1744294265480 0.50615 37
1744294265531 0.50615 37
1744294302353 0.52625 38
1744294302392 0.52625 38
1744294344652 0.5104 39
1744294344681 0.5104 39
1744294383096 0.54333 40
1744294383125 0.54333 40
1744294426270 0.51712 41
1744294426299 0.51712 41
1744294464960 0.54284 42
1744294465027 0.54284 42
1744294508014 0.51819 43
1744294508100 0.51819 43
1744294559322 0.5518 44
1744294559346 0.5518 44
1744294598145 0.53411 45
1744294598200 0.53411 45
1744294643855 0.45301 46
1744294643912 0.45301 46
1744294682861 0.53851 47
1744294682891 0.53851 47
1744294729048 0.54671 48
1744294729075 0.54671 48
1744294773712 0.56405 49
1744294773747 0.56405 49
1744294812622 0.56791 50
1744294812648 0.56791 50
1744294853561 0.54288 51
1744294853618 0.54288 51
1744294895404 0.56098 52
1744294895516 0.56098 52
1744294945258 0.5714 53
1744294945282 0.5714 53
1744294971830 0.52644 54
1744294971852 0.52644 54
1744295003066 0.58133 55
1744295003089 0.58133 55
1744295029520 0.59031 56
1744295029543 0.59031 56
1744295055261 0.57141 57
1744295055290 0.57141 57
1744295081062 0.58416 58
1744295081088 0.58416 58
1744295106184 0.56816 59
1744295106209 0.56816 59
1744295134629 0.58155 60
1744295134656 0.58155 60
1744295165529 0.58114 61
1744295165598 0.58114 61
1744295193917 0.59661 62
1744295193945 0.59661 62
1744295220313 0.56195 63
1744295220345 0.56195 63
1744295250103 0.58561 64
1744295250138 0.58561 64
1744295276138 0.59009 65
1744295276165 0.59009 65
1744295302308 0.60582 66
1744295302335 0.60582 66
1744295327967 0.60135 67
1744295327997 0.60135 67
1744295353655 0.59074 68
1744295353678 0.59074 68
1744295379176 0.58871 69
1744295379200 0.58871 69
1744295405197 0.5977 70
1744295405237 0.5977 70
1744295431285 0.59429 71
1744295431311 0.59429 71
1744295457869 0.57933 72
1744295457892 0.57933 72
1744295485758 0.59019 73
1744295485786 0.59019 73
1744295511834 0.584 74
1744295511857 0.584 74
1744295537955 0.6064 75
1744295537982 0.6064 75
1744295567452 0.60187 76
1744295567482 0.60187 76
1744295604204 0.60569 77
1744295604233 0.60569 77
1744295645435 0.59745 78
1744295645470 0.59745 78
1744295682231 0.61064 79
1744295682256 0.61064 79
1744295718654 0.62041 80
1744295718678 0.62041 80
1744295746870 0.59672 81
1744295746900 0.59672 81
1744295773519 0.61639 82
1744295773546 0.61639 82
1744295802260 0.6315 83
1744295802296 0.6315 83
1744295831440 0.62708 84
1744295831488 0.62708 84
1744295870013 0.61727 85
1744295870065 0.61727 85
1744295906325 0.61802 86
1744295906352 0.61802 86
1744295950863 0.61843 87
1744295950890 0.61843 87
1744295991851 0.62101 88
1744295991912 0.62101 88
1744296040833 0.62144 89
1744296040927 0.62144 89
1744296120988 0.62148 90
1744296121017 0.62148 90
1744296159716 0.62047 91
1744296159758 0.62047 91
1744296201487 0.61237 92
1744296201541 0.61237 92
1744296230784 0.62077 93
1744296230853 0.62077 93
1744296260692 0.62902 94
1744296260734 0.62902 94
1744296288250 0.62534 95
1744296288287 0.62534 95
1744296323267 0.63036 96
1744296323347 0.63036 96
1744296353577 0.63347 97
1744296353636 0.63347 97
1744296396930 0.63316 98
1744296397010 0.63316 98
1744296431486 0.6338 99
1744296431509 0.6338 99
1744296437645 0.6335213811155819 99
1744296437669 0.6335213811155819 99
