1744293297253 0.00037 0
1744293297308 0.00037 0
1744293331965 0.15178 1
1744293331992 0.15178 1
1744293360956 0.11865 2
1744293360968 0.11865 2
1744293378949 0.09813 3
1744293378969 0.09813 3
1744293397221 0.09765 4
1744293397235 0.09765 4
1744293415034 0.12772 5
1744293415046 0.12772 5
1744293433256 0.63211 6
1744293433266 0.63211 6
1744293450823 0.6245 7
1744293450838 0.6245 7
1744293469197 0.72554 8
1744293469208 0.72554 8
1744293487112 0.68292 9
1744293487122 0.68292 9
1744293505264 0.57646 10
1744293505275 0.57646 10
1744293524869 0.74525 11
1744293524884 0.74525 11
1744293543678 0.736 12
1744293543691 0.736 12
1744293562553 0.74586 13
1744293562565 0.74586 13
1744293581053 0.76513 14
1744293581071 0.76513 14
1744293599236 0.75057 15
1744293599248 0.75057 15
1744293618272 0.78783 16
1744293618287 0.78783 16
1744293636491 0.76497 17
1744293636502 0.76497 17
1744293655251 0.81745 18
1744293655265 0.81745 18
1744293673413 0.81458 19
1744293673427 0.81458 19
1744293691998 0.825 20
1744293692012 0.825 20
1744293710450 0.82477 21
1744293710464 0.82477 21
1744293728657 0.82584 22
1744293728670 0.82584 22
1744293746774 0.79083 23
1744293746792 0.79083 23
1744293766923 0.84846 24
1744293766950 0.84846 24
1744293795706 0.86422 25
1744293795727 0.86422 25
1744293837451 0.77144 26
1744293837493 0.77144 26
1744293883165 0.84295 27
1744293883214 0.84295 27
1744293924532 0.86052 28
1744293924615 0.86052 28
1744293963821 0.7888 29
1744293963861 0.7888 29
1744294001473 0.8383 30
1744294001514 0.8383 30
1744294032769 0.83225 31
1744294032791 0.83225 31
1744294062629 0.86358 32
1744294062653 0.86358 32
1744294100173 0.85033 33
1744294100235 0.85033 33
1744294136868 0.83382 34
1744294136893 0.83382 34
1744294179758 0.87384 35
1744294179783 0.87384 35
1744294218181 0.8434 36
1744294218214 0.8434 36
1744294265480 0.85508 37
1744294265531 0.85508 37
1744294302353 0.85102 38
1744294302392 0.85102 38
1744294344652 0.84908 39
1744294344681 0.84908 39
1744294383096 0.87647 40
1744294383125 0.87647 40
1744294426270 0.8557 41
1744294426299 0.8557 41
1744294464960 0.85748 42
1744294465027 0.85748 42
1744294508014 0.84681 43
1744294508100 0.84681 43
1744294559322 0.87934 44
1744294559346 0.87934 44
1744294598145 0.8703 45
1744294598200 0.8703 45
1744294643855 0.71319 46
1744294643912 0.71319 46
1744294682861 0.89465 47
1744294682891 0.89465 47
1744294729048 0.87092 48
1744294729075 0.87092 48
1744294773712 0.88761 49
1744294773747 0.88761 49
1744294812622 0.89576 50
1744294812648 0.89576 50
1744294853561 0.87067 51
1744294853618 0.87067 51
1744294895404 0.88242 52
1744294895516 0.88242 52
1744294945258 0.89281 53
1744294945282 0.89281 53
1744294971830 0.88395 54
1744294971852 0.88395 54
1744295003066 0.88098 55
1744295003089 0.88098 55
1744295029520 0.89911 56
1744295029543 0.89911 56
1744295055261 0.89866 57
1744295055290 0.89866 57
1744295081062 0.89909 58
1744295081088 0.89909 58
1744295106184 0.88519 59
1744295106209 0.88519 59
1744295134629 0.88604 60
1744295134656 0.88604 60
1744295165529 0.89945 61
1744295165598 0.89945 61
1744295193917 0.91176 62
1744295193945 0.91176 62
1744295220313 0.90207 63
1744295220345 0.90207 63
1744295250103 0.90728 64
1744295250138 0.90728 64
1744295276138 0.89849 65
1744295276165 0.89849 65
1744295302308 0.92004 66
1744295302335 0.92004 66
1744295327967 0.90277 67
1744295327997 0.90277 67
1744295353655 0.90131 68
1744295353678 0.90131 68
1744295379176 0.90283 69
1744295379200 0.90283 69
1744295405197 0.89264 70
1744295405237 0.89264 70
1744295431285 0.90567 71
1744295431311 0.90567 71
1744295457869 0.88599 72
1744295457892 0.88599 72
1744295485758 0.89759 73
1744295485786 0.89759 73
1744295511834 0.89135 74
1744295511857 0.89135 74
1744295537955 0.93681 75
1744295537982 0.93681 75
1744295567452 0.9312 76
1744295567482 0.9312 76
1744295604204 0.91302 77
1744295604233 0.91302 77
1744295645435 0.91698 78
1744295645470 0.91698 78
1744295682231 0.91525 79
1744295682256 0.91525 79
1744295718654 0.91946 80
1744295718678 0.91946 80
1744295746870 0.91151 81
1744295746900 0.91151 81
1744295773519 0.92113 82
1744295773546 0.92113 82
1744295802260 0.92767 83
1744295802296 0.92767 83
1744295831440 0.93463 84
1744295831488 0.93463 84
1744295870013 0.93277 85
1744295870065 0.93277 85
1744295906325 0.92624 86
1744295906352 0.92624 86
1744295950863 0.92484 87
1744295950890 0.92484 87
1744295991851 0.92655 88
1744295991912 0.92655 88
1744296040833 0.93333 89
1744296040927 0.93333 89
1744296120988 0.92262 90
1744296121017 0.92262 90
1744296159716 0.92715 91
1744296159758 0.92715 91
1744296201487 0.93148 92
1744296201541 0.93148 92
1744296230784 0.92838 93
1744296230853 0.92838 93
1744296260692 0.94032 94
1744296260734 0.94032 94
1744296288250 0.93951 95
1744296288287 0.93951 95
1744296323267 0.93931 96
1744296323347 0.93931 96
1744296353577 0.939 97
1744296353636 0.939 97
1744296396930 0.94076 98
1744296397010 0.94076 98
1744296431486 0.94153 99
1744296431509 0.94153 99
1744296437645 0.9413694921381527 99
1744296437669 0.9413694921381527 99
