1744293297253 0.00076 0
1744293297308 0.00076 0
1744293331965 0.12647 1
1744293331992 0.12647 1
1744293360956 0.14273 2
1744293360968 0.14273 2
1744293378949 0.28615 3
1744293378969 0.28615 3
1744293397221 0.23194 4
1744293397235 0.23194 4
1744293415034 0.11948 5
1744293415046 0.11948 5
1744293433256 0.74129 6
1744293433266 0.74129 6
1744293450823 0.67656 7
1744293450838 0.67656 7
1744293469197 0.77923 8
1744293469208 0.77923 8
1744293487112 0.72087 9
1744293487122 0.72087 9
1744293505264 0.73691 10
1744293505275 0.73691 10
1744293524869 0.77319 11
1744293524884 0.77319 11
1744293543678 0.717 12
1744293543691 0.717 12
1744293562553 0.71769 13
1744293562565 0.71769 13
1744293581053 0.78604 14
1744293581071 0.78604 14
1744293599236 0.78997 15
1744293599248 0.78997 15
1744293618272 0.79537 16
1744293618287 0.79537 16
1744293636491 0.70446 17
1744293636502 0.70446 17
1744293655251 0.83495 18
1744293655265 0.83495 18
1744293673413 0.79104 19
1744293673427 0.79104 19
1744293691998 0.79883 20
1744293692012 0.79883 20
1744293710450 0.77779 21
1744293710464 0.77779 21
1744293728657 0.86731 22
1744293728670 0.86731 22
1744293746774 0.83204 23
1744293746792 0.83204 23
1744293766923 0.80335 24
1744293766950 0.80335 24
1744293795706 0.80221 25
1744293795727 0.80221 25
1744293837451 0.74426 26
1744293837493 0.74426 26
1744293883165 0.82648 27
1744293883214 0.82648 27
1744293924532 0.77986 28
1744293924615 0.77986 28
1744293963821 0.68871 29
1744293963861 0.68871 29
1744294001473 0.88193 30
1744294001514 0.88193 30
1744294032769 0.79135 31
1744294032791 0.79135 31
1744294062629 0.81893 32
1744294062653 0.81893 32
1744294100173 0.87173 33
1744294100235 0.87173 33
1744294136868 0.80889 34
1744294136893 0.80889 34
1744294179758 0.81292 35
1744294179783 0.81292 35
1744294218181 0.82773 36
1744294218214 0.82773 36
1744294265480 0.90249 37
1744294265531 0.90249 37
1744294302353 0.81286 38
1744294302392 0.81286 38
1744294344652 0.80827 39
1744294344681 0.80827 39
1744294383096 0.84702 40
1744294383125 0.84702 40
1744294426270 0.82296 41
1744294426299 0.82296 41
1744294464960 0.80289 42
1744294465027 0.80289 42
1744294508014 0.77619 43
1744294508100 0.77619 43
1744294559322 0.83705 44
1744294559346 0.83705 44
1744294598145 0.82156 45
1744294598200 0.82156 45
1744294643855 0.75512 46
1744294643912 0.75512 46
1744294682861 0.85148 47
1744294682891 0.85148 47
1744294729048 0.81534 48
1744294729075 0.81534 48
1744294773712 0.88452 49
1744294773747 0.88452 49
1744294812622 0.83641 50
1744294812648 0.83641 50
1744294853561 0.88169 51
1744294853618 0.88169 51
1744294895404 0.89006 52
1744294895516 0.89006 52
1744294945258 0.84025 53
1744294945282 0.84025 53
1744294971830 0.86036 54
1744294971852 0.86036 54
1744295003066 0.8825 55
1744295003089 0.8825 55
1744295029520 0.87735 56
1744295029543 0.87735 56
1744295055261 0.86495 57
1744295055290 0.86495 57
1744295081062 0.79977 58
1744295081088 0.79977 58
1744295106184 0.84744 59
1744295106209 0.84744 59
1744295134629 0.8518 60
1744295134656 0.8518 60
1744295165529 0.87527 61
1744295165598 0.87527 61
1744295193917 0.8539 62
1744295193945 0.8539 62
1744295220313 0.88518 63
1744295220345 0.88518 63
1744295250103 0.83376 64
1744295250138 0.83376 64
1744295276138 0.85949 65
1744295276165 0.85949 65
1744295302308 0.88306 66
1744295302335 0.88306 66
1744295327967 0.89664 67
1744295327997 0.89664 67
1744295353655 0.85739 68
1744295353678 0.85739 68
1744295379176 0.8933 69
1744295379200 0.8933 69
1744295405197 0.86686 70
1744295405237 0.86686 70
1744295431285 0.86141 71
1744295431311 0.86141 71
1744295457869 0.87655 72
1744295457892 0.87655 72
1744295485758 0.88553 73
1744295485786 0.88553 73
1744295511834 0.82127 74
1744295511857 0.82127 74
1744295537955 0.91574 75
1744295537982 0.91574 75
1744295567452 0.90521 76
1744295567482 0.90521 76
1744295604204 0.89631 77
1744295604233 0.89631 77
1744295645435 0.88928 78
1744295645470 0.88928 78
1744295682231 0.85937 79
1744295682256 0.85937 79
1744295718654 0.926 80
1744295718678 0.926 80
1744295746870 0.89759 81
1744295746900 0.89759 81
1744295773519 0.88314 82
1744295773546 0.88314 82
1744295802260 0.90853 83
1744295802296 0.90853 83
1744295831440 0.8928 84
1744295831488 0.8928 84
1744295870013 0.88345 85
1744295870065 0.88345 85
1744295906325 0.81691 86
1744295906352 0.81691 86
1744295950863 0.89965 87
1744295950890 0.89965 87
1744295991851 0.91701 88
1744295991912 0.91701 88
1744296040833 0.92691 89
1744296040927 0.92691 89
1744296120988 0.92717 90
1744296121017 0.92717 90
1744296159716 0.88653 91
1744296159758 0.88653 91
1744296201487 0.94436 92
1744296201541 0.94436 92
1744296230784 0.93683 93
1744296230853 0.93683 93
1744296260692 0.94231 94
1744296260734 0.94231 94
1744296288250 0.92727 95
1744296288287 0.92727 95
1744296323267 0.91885 96
1744296323347 0.91885 96
1744296353577 0.89096 97
1744296353636 0.89096 97
1744296396930 0.90169 98
1744296397010 0.90169 98
1744296431486 0.91864 99
1744296431509 0.91864 99
1744296437645 0.9186240983952316 99
1744296437669 0.9186240983952316 99
