1744293297253 0.07843 0
1744293297308 0.07843 0
1744293331965 0.35294 1
1744293331992 0.35294 1
1744293360956 0.27451 2
1744293360968 0.27451 2
1744293378949 0.14706 3
1744293378969 0.14706 3
1744293397221 0.16667 4
1744293397235 0.16667 4
1744293415034 0.18758 5
1744293415046 0.18758 5
1744293433256 0.47758 6
1744293433266 0.47758 6
1744293450823 0.59804 7
1744293450838 0.59804 7
1744293469197 0.61765 8
1744293469208 0.61765 8
1744293487112 0.58237 9
1744293487122 0.58237 9
1744293505264 0.5098 10
1744293505275 0.5098 10
1744293524869 0.62745 11
1744293524884 0.62745 11
1744293543678 0.67069 12
1744293543691 0.67069 12
1744293562553 0.67647 13
1744293562565 0.67647 13
1744293581053 0.68627 14
1744293581071 0.68627 14
1744293599236 0.66376 15
1744293599248 0.66376 15
1744293618272 0.64706 16
1744293618287 0.64706 16
1744293636491 0.7451 17
1744293636502 0.7451 17
1744293655251 0.69434 18
1744293655265 0.69434 18
1744293673413 0.77944 19
1744293673427 0.77944 19
1744293691998 0.73972 20
1744293692012 0.73972 20
1744293710450 0.82353 21
1744293710464 0.82353 21
1744293728657 0.72549 22
1744293728670 0.72549 22
1744293746774 0.7451 23
1744293746792 0.7451 23
1744293766923 0.80392 24
1744293766950 0.80392 24
1744293795706 0.79528 25
1744293795727 0.79528 25
1744293837451 0.72549 26
1744293837493 0.72549 26
1744293883165 0.77451 27
1744293883214 0.77451 27
1744293924532 0.82353 28
1744293924615 0.82353 28
1744293963821 0.77451 29
1744293963861 0.77451 29
1744294001473 0.73529 30
1744294001514 0.73529 30
1744294032769 0.77451 31
1744294032791 0.77451 31
1744294062629 0.79813 32
1744294062653 0.79813 32
1744294100173 0.72549 33
1744294100235 0.72549 33
1744294136868 0.7451 34
1744294136893 0.7451 34
1744294179758 0.81373 35
1744294179783 0.81373 35
1744294218181 0.75373 36
1744294218214 0.75373 36
1744294265480 0.7549 37
1744294265531 0.7549 37
1744294302353 0.78431 38
1744294302392 0.78431 38
1744294344652 0.78431 39
1744294344681 0.78431 39
1744294383096 0.79412 40
1744294383125 0.79412 40
1744294426270 0.83333 41
1744294426299 0.83333 41
1744294464960 0.75878 42
1744294465027 0.75878 42
1744294508014 0.83333 43
1744294508100 0.83333 43
1744294559322 0.84314 44
1744294559346 0.84314 44
1744294598145 0.81373 45
1744294598200 0.81373 45
1744294643855 0.65686 46
1744294643912 0.65686 46
1744294682861 0.84311 47
1744294682891 0.84311 47
1744294729048 0.84314 48
1744294729075 0.84314 48
1744294773712 0.77451 49
1744294773747 0.77451 49
1744294812622 0.83333 50
1744294812648 0.83333 50
1744294853561 0.76471 51
1744294853618 0.76471 51
1744294895404 0.79375 52
1744294895516 0.79375 52
1744294945258 0.86275 53
1744294945282 0.86275 53
1744294971830 0.84314 54
1744294971852 0.84314 54
1744295003066 0.80996 55
1744295003089 0.80996 55
1744295029520 0.80392 56
1744295029543 0.80392 56
1744295055261 0.81633 57
1744295055290 0.81633 57
1744295081062 0.86152 58
1744295081088 0.86152 58
1744295106184 0.82353 59
1744295106209 0.82353 59
1744295134629 0.83333 60
1744295134656 0.83333 60
1744295165529 0.82558 61
1744295165598 0.82558 61
1744295193917 0.85952 62
1744295193945 0.85952 62
1744295220313 0.84314 63
1744295220345 0.84314 63
1744295250103 0.91176 64
1744295250138 0.91176 64
1744295276138 0.83959 65
1744295276165 0.83959 65
1744295302308 0.88235 66
1744295302335 0.88235 66
1744295327967 0.85047 67
1744295327997 0.85047 67
1744295353655 0.88413 68
1744295353678 0.88413 68
1744295379176 0.84314 69
1744295379200 0.84314 69
1744295405197 0.82981 70
1744295405237 0.82981 70
1744295431285 0.85309 71
1744295431311 0.85309 71
1744295457869 0.83533 72
1744295457892 0.83533 72
1744295485758 0.83424 73
1744295485786 0.83424 73
1744295511834 0.85294 74
1744295511857 0.85294 74
1744295537955 0.85236 75
1744295537982 0.85236 75
1744295567452 0.84266 76
1744295567482 0.84266 76
1744295604204 0.84314 77
1744295604233 0.84314 77
1744295645435 0.83333 78
1744295645470 0.83333 78
1744295682231 0.87255 79
1744295682256 0.87255 79
1744295718654 0.84314 80
1744295718678 0.84314 80
1744295746870 0.85927 81
1744295746900 0.85927 81
1744295773519 0.89216 82
1744295773546 0.89216 82
1744295802260 0.87643 83
1744295802296 0.87643 83
1744295831440 0.87255 84
1744295831488 0.87255 84
1744295870013 0.89181 85
1744295870065 0.89181 85
1744295906325 0.9186 86
1744295906352 0.9186 86
1744295950863 0.87894 87
1744295950890 0.87894 87
1744295991851 0.86671 88
1744295991912 0.86671 88
1744296040833 0.86275 89
1744296040927 0.86275 89
1744296120988 0.84314 90
1744296121017 0.84314 90
1744296159716 0.87255 91
1744296159758 0.87255 91
1744296201487 0.87255 92
1744296201541 0.87255 92
1744296230784 0.87231 93
1744296230853 0.87231 93
1744296260692 0.90196 94
1744296260734 0.90196 94
1744296288250 0.87503 95
1744296288287 0.87503 95
1744296323267 0.88235 96
1744296323347 0.88235 96
1744296353577 0.92157 97
1744296353636 0.92157 97
1744296396930 0.92157 98
1744296397010 0.92157 98
1744296431486 0.88563 99
1744296431509 0.88563 99
1744296437645 0.8854056404785999 99
1744296437669 0.8854056404785999 99
