1744293291709 0.0006604938271604939 0
1744293325894 0.0013140216049382716 1
1744293358660 0.0019543493827160496 2
1744293376828 0.0019406 3
1744293395042 0.0019207999999999999 4
1744293412887 0.0019010000000000001 5
1744293430759 0.0018812 6
1744293448901 0.0018614 7
1744293466677 0.0018416 8
1744293485073 0.0018218000000000002 9
1744293503161 0.001802 10
1744293522341 0.0017822 11
1744293541468 0.0017624 12
1744293560469 0.0017426 13
1744293578505 0.0017228 14
1744293597299 0.001703 15
1744293615773 0.0016832000000000001 16
1744293634399 0.0016634 17
1744293652630 0.0016436000000000003 18
1744293671350 0.0016238000000000001 19
1744293689485 0.0016040000000000002 20
1744293708170 0.0015842 21
1744293726423 0.0015644 22
1744293744645 0.0015446 23
1744293763068 0.0015248 24
1744293792111 0.0015049999999999998 25
1744293834085 0.0014852 26
1744293877813 0.0014654000000000002 27
1744293919812 0.0014456 28
1744293959978 0.0014258 29
1744293996837 0.001406 30
1744294028562 0.0013862 31
1744294058953 0.0013663999999999998 32
1744294095408 0.0013465999999999999 33
1744294133728 0.0013267999999999997 34
1744294175191 0.001307 35
1744294214727 0.0012872 36
1744294260799 0.0012674000000000001 37
1744294299113 0.0012476 38
1744294339865 0.0012278 39
1744294378130 0.001208 40
1744294421567 0.0011882000000000002 41
1744294460450 0.0011684000000000002 42
1744294504467 0.0011486 43
1744294553612 0.0011288000000000001 44
1744294592640 0.001109 45
1744294638159 0.0010892000000000002 46
1744294677500 0.0010694 47
1744294725504 0.0010496000000000001 48
1744294768749 0.0010298 49
1744294808915 0.00101 50
1744294850187 0.0009901999999999999 51
1744294890208 0.0009704 52
1744294940271 0.0009506 53
1744294968679 0.0009308 54
1744294999252 0.0009109999999999999 55
1744295026006 0.0008911999999999999 56
1744295052189 0.0008714 57
1744295077880 0.0008516000000000001 58
1744295103383 0.0008318000000000002 59
1744295131052 0.0008120000000000001 60
1744295161841 0.0007922000000000001 61
1744295190179 0.0007724 62
1744295217012 0.0007526000000000001 63
1744295247014 0.0007328 64
1744295273168 0.000713 65
1744295298683 0.0006931999999999999 66
1744295325042 0.0006733999999999999 67
1744295350606 0.0006536 68
1744295376419 0.0006338000000000001 69
1744295401983 0.0006140000000000001 70
1744295428157 0.0005942 71
1744295454617 0.0005744000000000001 72
1744295482597 0.0005546000000000001 73
1744295508684 0.0005348000000000001 74
1744295534539 0.000515 75
1744295564480 0.0004952 76
1744295600540 0.0004754 77
1744295641836 0.00045559999999999996 78
1744295678395 0.00043579999999999997 79
1744295714518 0.0004159999999999999 80
1744295743670 0.00039619999999999987 81
1744295770481 0.00037640000000000015 82
1744295798433 0.0003566000000000001 83
1744295828411 0.0003368000000000001 84
1744295866344 0.00031700000000000006 85
1744295903356 0.0002972 86
1744295940011 0.0002774 87
1744295987079 0.00025760000000000003 88
1744296036735 0.00023779999999999995 89
1744296116624 0.00021799999999999996 90
1744296155695 0.00019819999999999994 91
1744296198345 0.00017839999999999992 92
1744296227062 0.00015859999999999987 93
1744296257269 0.0001388000000000001 94
1744296285115 0.0001190000000000001 95
1744296318912 9.920000000000008e-05 96
1744296349577 7.940000000000006e-05 97
1744296392300 5.9600000000000046e-05 98
1744296427457 3.980000000000002e-05 99
