1744271358317 1.79715 0
1744271377931 2.06057 1
1744271396903 2.04005 2
1744271415108 1.96404 3
1744271433274 1.96166 4
1744271451338 1.86061 5
1744271469758 1.83567 6
1744271488103 1.76736 7
1744271506264 1.7502 8
1744271525392 1.6647 9
1744271543496 1.67629 10
1744271561573 1.66383 11
1744271580500 1.60499 12
1744271598548 1.60444 13
1744271616802 1.57225 14
1744271635585 1.51789 15
1744271653858 1.51243 16
1744271672586 1.5773 17
1744271690982 1.49313 18
1744271709982 1.45342 19
1744271728105 1.47867 20
1744271746640 1.46694 21
1744271765162 1.41935 22
1744271783377 1.45484 23
1744271801718 1.43272 24
1744271820768 1.37918 25
1744271839185 1.42251 26
1744271857331 1.37909 27
1744271875574 1.43446 28
1744271894075 1.37173 29
1744271912152 1.39292 30
1744271930122 1.36405 31
1744271948172 1.34416 32
1744271966796 1.34614 33
1744271985614 1.35376 34
1744272004181 1.33227 35
1744272022201 1.28532 36
1744272040482 1.2635 37
1744272058732 1.29184 38
1744272077147 1.30768 39
1744272096001 1.27789 40
1744272115117 1.29583 41
1744272134323 1.25652 42
1744272152857 1.22204 43
1744272171150 1.23328 44
1744272190037 1.21833 45
1744272208374 1.2313 46
1744272226911 1.23944 47
1744272245276 1.24428 48
1744272263302 1.21059 49
1744272282656 1.21745 50
1744272301076 1.19419 51
1744272319514 1.18017 52
1744272338319 1.17257 53
1744272357842 1.16627 54
1744272376101 1.16465 55
1744272395117 1.12692 56
1744272414026 1.15291 57
1744272432638 1.13137 58
1744272451023 1.12974 59
1744272469348 1.11107 60
1744272487975 1.15569 61
1744272507144 1.12323 62
1744272526086 1.12186 63
1744272544499 1.0911 64
1744272563014 1.09695 65
1744272581892 1.09348 66
1744272600695 1.09034 67
1744272619024 1.04828 68
1744272636997 1.0459 69
1744272655725 1.02496 70
1744272674224 1.06213 71
1744272692866 1.05039 72
1744272711928 1.03677 73
1744272730801 1.00395 74
1744272749551 1.00536 75
1744272768813 1.01303 76
1744272787352 1.02303 77
1744272806236 0.98964 78
1744272824597 0.98824 79
1744272843739 0.93169 80
1744272862813 0.95635 81
1744272881916 0.96619 82
1744272900455 0.95903 83
1744272919725 0.94224 84
1744272945278 0.94438 85
1744272971417 0.94297 86
1744272991077 0.91048 87
1744273009048 0.9202 88
1744273026994 0.89459 89
1744273077394 0.87097 90
1744273095546 0.82721 91
1744273113275 0.8672 92
1744273131257 0.81223 93
1744273149196 0.81637 94
1744273167176 0.7823 95
1744273185134 0.78933 96
1744273203496 0.80684 97
1744273221901 0.79849 98
1744273239880 0.76928 99
