1744271358317 2.40712 0
1744271377931 2.36799 1
1744271396903 2.39882 2
1744271415108 2.2801 3
1744271433274 2.21715 4
1744271451338 2.10576 5
1744271469758 1.99634 6
1744271488103 1.84887 7
1744271506264 1.8779 8
1744271525392 1.78168 9
1744271543496 1.73946 10
1744271561573 1.65266 11
1744271580500 1.65194 12
1744271598548 1.62852 13
1744271616802 1.58276 14
1744271635585 1.50039 15
1744271653858 1.49623 16
1744271672586 1.54256 17
1744271690982 1.49851 18
1744271709982 1.39163 19
1744271728105 1.33622 20
1744271746640 1.29888 21
1744271765162 1.30127 22
1744271783377 1.349 23
1744271801718 1.29784 24
1744271820768 1.29532 25
1744271839185 1.28421 26
1744271857331 1.2874 27
1744271875574 1.25061 28
1744271894075 1.20412 29
1744271912152 1.25095 30
1744271930122 1.19204 31
1744271948172 1.17773 32
1744271966796 1.16118 33
1744271985614 1.17294 34
1744272004181 1.14734 35
1744272022201 1.11335 36
1744272040482 1.07925 37
1744272058732 1.08159 38
1744272077147 1.13683 39
1744272096001 1.15393 40
1744272115117 1.07325 41
1744272134323 1.06212 42
1744272152857 1.03407 43
1744272171150 1.03671 44
1744272190037 1.03673 45
1744272208374 1.06327 46
1744272226911 1.00457 47
1744272245276 1.06107 48
1744272263302 0.97256 49
1744272282656 0.99777 50
1744272301076 1.01935 51
1744272319514 0.99778 52
1744272338319 0.95312 53
1744272357842 0.92893 54
1744272376101 0.92147 55
1744272395117 0.93366 56
1744272414026 0.9176 57
1744272432638 0.91583 58
1744272451023 0.89545 59
1744272469348 0.90002 60
1744272487975 0.90935 61
1744272507144 0.8844 62
1744272526086 0.86403 63
1744272544499 0.82788 64
1744272563014 0.83526 65
1744272581892 0.87335 66
1744272600695 0.80773 67
1744272619024 0.82528 68
1744272636997 0.81455 69
1744272655725 0.80343 70
1744272674224 0.80742 71
1744272692866 0.81926 72
1744272711928 0.77572 73
1744272730801 0.77942 74
1744272749551 0.78399 75
1744272768813 0.77027 76
1744272787352 0.79854 77
1744272806236 0.7531 78
1744272824597 0.75152 79
1744272843739 0.70688 80
1744272862813 0.77013 81
1744272881916 0.72503 82
1744272900455 0.72961 83
1744272919725 0.71455 84
1744272945278 0.70194 85
1744272971417 0.7146 86
1744272991077 0.68061 87
1744273009048 0.71353 88
1744273026994 0.67076 89
1744273077394 0.6046 90
1744273095546 0.56792 91
1744273113275 0.61029 92
1744273131257 0.56119 93
1744273149196 0.54601 94
1744273167176 0.54804 95
1744273185134 0.53898 96
1744273203496 0.52704 97
1744273221901 0.5693 98
1744273239880 0.52898 99
