1744271358317 1.91048 0
1744271377931 2.07032 1
1744271396903 2.12317 2
1744271415108 2.06881 3
1744271433274 2.04196 4
1744271451338 1.96701 5
1744271469758 1.96385 6
1744271488103 1.88469 7
1744271506264 1.87721 8
1744271525392 1.76939 9
1744271543496 1.83144 10
1744271561573 1.79124 11
1744271580500 1.74396 12
1744271598548 1.7701 13
1744271616802 1.73473 14
1744271635585 1.70192 15
1744271653858 1.69593 16
1744271672586 1.73642 17
1744271690982 1.63441 18
1744271709982 1.63166 19
1744271728105 1.63763 20
1744271746640 1.63925 21
1744271765162 1.58783 22
1744271783377 1.61215 23
1744271801718 1.58954 24
1744271820768 1.57989 25
1744271839185 1.57588 26
1744271857331 1.56633 27
1744271875574 1.60457 28
1744271894075 1.54929 29
1744271912152 1.57303 30
1744271930122 1.56594 31
1744271948172 1.54464 32
1744271966796 1.52415 33
1744271985614 1.54274 34
1744272004181 1.51257 35
1744272022201 1.48871 36
1744272040482 1.47458 37
1744272058732 1.50539 38
1744272077147 1.52004 39
1744272096001 1.48382 40
1744272115117 1.47276 41
1744272134323 1.45053 42
1744272152857 1.43727 43
1744272171150 1.43866 44
1744272190037 1.44926 45
1744272208374 1.45683 46
1744272226911 1.45145 47
1744272245276 1.45857 48
1744272263302 1.41409 49
1744272282656 1.42609 50
1744272301076 1.41666 51
1744272319514 1.4245 52
1744272338319 1.4061 53
1744272357842 1.38265 54
1744272376101 1.39109 55
1744272395117 1.35769 56
1744272414026 1.39355 57
1744272432638 1.38832 58
1744272451023 1.36765 59
1744272469348 1.36818 60
1744272487975 1.40666 61
1744272507144 1.3717 62
1744272526086 1.3622 63
1744272544499 1.3339 64
1744272563014 1.34941 65
1744272581892 1.34126 66
1744272600695 1.34768 67
1744272619024 1.32516 68
1744272636997 1.3071 69
1744272655725 1.31291 70
1744272674224 1.33128 71
1744272692866 1.33091 72
1744272711928 1.31859 73
1744272730801 1.28868 74
1744272749551 1.29514 75
1744272768813 1.2962 76
1744272787352 1.2973 77
1744272806236 1.27974 78
1744272824597 1.26654 79
1744272843739 1.21994 80
1744272862813 1.25727 81
1744272881916 1.26532 82
1744272900455 1.26705 83
1744272919725 1.24995 84
1744272945278 1.24704 85
1744272971417 1.24739 86
1744272991077 1.22409 87
1744273009048 1.24606 88
1744273026994 1.20447 89
1744273077394 1.24039 90
1744273095546 1.22379 91
1744273113275 1.23837 92
1744273131257 1.20859 93
1744273149196 1.21525 94
1744273167176 1.17537 95
1744273185134 1.18894 96
1744273203496 1.19393 97
1744273221901 1.20276 98
1744273239880 1.17419 99
