1744292521322 0.0 0
1744292521460 0.32744836807250977 1
1744292521501 0.3139868676662445 2
1744292521530 0.25748592615127563 3
1744292521561 0.31322115659713745 4
1744292521591 0.26695525646209717 5
1744292521627 0.2730121314525604 6
1744292521671 0.2860979437828064 7
1744292521717 0.32612890005111694 8
1744292521758 0.3186926245689392 9
1744292521793 0.2686842381954193 10
1744292521838 0.0 11
1744292521916 0.0 12
1744292521949 0.2751675844192505 13
1744292521997 0.33996638655662537 14
1744292522041 0.3181869387626648 15
1744292522088 0.26204371452331543 16
1744292522133 0.28004032373428345 17
1744292522165 0.34031492471694946 18
1744292522196 0.3961144685745239 19
1744292522241 0.44054681062698364 20
1744292522272 0.4079887568950653 21
1744292522303 0.3703051805496216 22
1744292522334 0.26870962977409363 23
1744292522367 0.0 24
1744292522413 0.0 25
1744292522442 0.0 26
1744292522473 0.0 27
1744292522506 0.2767411172389984 28
1744292522538 0.27869367599487305 29
1744292522569 0.0 30
1744292522618 0.3778643310070038 31
1744292522648 0.3366062641143799 32
1744292522676 0.48027846217155457 33
1744292522710 0.5828341245651245 34
1744292522741 0.6269652247428894 35
1744292522773 0.6483961343765259 36
1744292522806 0.6697962284088135 37
1744292522855 0.6713979840278625 38
1744292522894 0.6415698528289795 39
1744292522925 0.6603982448577881 40
1744292522959 0.6568779945373535 41
1744292522993 0.6621913313865662 42
1744292523024 0.6700550317764282 43
1744292523055 0.6578428149223328 44
1744292523087 0.6725478768348694 45
1744292523118 0.6746677756309509 46
1744292523151 0.6610522270202637 47
1744292523194 0.6099605560302734 48
1744292523223 0.5728912949562073 49
1744292523256 0.5857393741607666 50
1744292523290 0.6082107424736023 51
1744292523321 0.598419189453125 52
1744292523369 0.6691975593566895 53
1744292523414 0.6691157817840576 54
1744292523446 0.6712161898612976 55
1744292523477 0.6861617565155029 56
1744292523510 0.7154414057731628 57
1744292523553 0.7058191895484924 58
1744292523583 0.7212854027748108 59
1744292523615 0.7003021240234375 60
1744292523647 0.6994669437408447 61
1744292523679 0.7018741369247437 62
1744292523724 0.7072319388389587 63
1744292523757 0.7111790776252747 64
1744292523787 0.7025015950202942 65
1744292523818 0.7103863954544067 66
1744292523849 0.7089764475822449 67
1744292523880 0.7161794304847717 68
1744292523927 0.7136082649230957 69
1744292523970 0.7078583240509033 70
1744292524003 0.7119489908218384 71
1744292524051 0.7131226658821106 72
1744292524098 0.7210596203804016 73
1744292524126 0.7248286008834839 74
1744292524157 0.7054779529571533 75
1744292524190 0.7165729403495789 76
1744292524222 0.7175225615501404 77
1744292524252 0.7128840088844299 78
1744292524283 0.7177934646606445 79
1744292524313 0.6237401962280273 80
1744292524360 0.5162003636360168 81
1744292524391 0.5468168258666992 82
1744292524425 0.45259588956832886 83
1744292524456 0.3601074516773224 84
1744292524508 0.34773963689804077 85
1744292524552 0.3109869360923767 86
1744292524581 0.325466126203537 87
1744292524616 0.35165223479270935 88
1744292524663 0.374401718378067 89
1744292524705 0.3692399263381958 90
1744292524761 0.327542245388031 91
1744292524799 0.3069287836551666 92
1744292524831 0.3208773136138916 93
1744292524883 0.3799102306365967 94
1744292524926 0.410861074924469 95
1744292524956 0.3685305118560791 96
1744292525006 0.4032633304595947 97
1744292525050 0.3859924077987671 98
1744292525096 0.5756791830062866 99
1744292525126 0.602619469165802 100
1744292525158 0.6378617286682129 101
1744292525207 0.6351130604743958 102
1744292525251 0.6404861211776733 103
1744292525283 0.6640087366104126 104
1744292525314 0.6600097417831421 105
1744292525345 0.6612909436225891 106
1744292525392 0.6490817666053772 107
1744292525423 0.6688726544380188 108
1744292525454 0.6821423768997192 109
1744292525500 0.6450082063674927 110
1744292525545 0.6700609922409058 111
1744292525580 0.6357400417327881 112
1744292525615 0.6793237328529358 113
1744292525653 0.6425144076347351 114
1744292525685 0.6552405953407288 115
1744292525717 0.645781397819519 116
1744292525749 0.6494077444076538 117
1744292525795 0.6490563154220581 118
1744292525840 0.6688845753669739 119
1744292525871 0.6553751826286316 120
1744292525921 0.668312668800354 121
1744292525951 0.651074230670929 122
1744292525998 0.6674187183380127 123
1744292526042 0.6782389283180237 124
1744292526071 0.5437250733375549 125
1744292526104 0.5833257436752319 126
1744292526136 0.4251422584056854 127
1744292526184 0.38369712233543396 128
1744292526214 0.299725741147995 129
1744292526262 0.0 130
1744292526299 0.0 131
1744292526335 0.0 132
1744292526366 0.0 133
1744292526398 0.0 134
1744292526427 0.0 135
1744292526458 0.0 136
1744292526491 0.0 137
1744292526523 0.0 138
1744292526553 0.0 139
1744292526584 0.0 140
1744292526615 0.0 141
1744292526662 0.0 142
1744292526707 0.0 143
1744292526740 0.0 144
1744292526785 0.0 145
1744292526816 0.0 146
1744292526847 0.0 147
1744292526878 0.0 148
1744292526911 0.0 149
1744292526941 0.0 150
1744292526972 0.0 151
1744292527002 0.0 152
1744292527033 0.0 153
1744292527066 0.2844785451889038 154
1744292527097 0.4184040427207947 155
1744292527151 0.392964631319046 156
1744292527196 0.4229065179824829 157
1744292527245 0.4364064335823059 158
1744292527289 0.3419548571109772 159
1744292527319 0.27749142050743103 160
1744292527358 0.26896411180496216 161
1744292527385 0.0 162
1744292527415 0.0 163
1744292527455 0.0 164
1744292527488 0.26154130697250366 165
1744292527534 0.0 166
1744292527564 0.0 167
1744292527596 0.0 168
1744292527627 0.0 169
1744292527659 0.0 170
1744292527692 0.2867240011692047 171
1744292527737 0.3860676884651184 172
1744292527771 0.3484441637992859 173
1744292527810 0.47282299399375916 174
1744292527844 0.49913763999938965 175
1744292527874 0.5381275415420532 176
1744292527908 0.6002668738365173 177
1744292527938 0.6275333762168884 178
1744292527988 0.6167717576026917 179
1744292528032 0.7170292735099792 180
1744292528082 0.7150825262069702 181
1744292528124 0.7025982141494751 182
1744292528158 0.6741766929626465 183
1744292528209 0.6669601202011108 184
1744292528255 0.6352095007896423 185
1744292528299 0.3153572082519531 186
1744292528329 0.5331094264984131 187
1744292528379 0.39792561531066895 188
1744292528425 0.32947438955307007 189
1744292528470 0.7038753628730774 190
1744292528518 0.6198235154151917 191
1744292528561 0.7987564206123352 192
1744292528593 0.7863413095474243 193
1744292528626 0.778420627117157 194
1744292528656 0.8099877238273621 195
1744292528687 0.8426557779312134 196
1744292528742 0.8343238234519958 197
1744292528780 0.8307849764823914 198
1744292528830 0.8274588584899902 199
1744292528872 0.8329212665557861 200
1744292528921 0.8404955863952637 201
1744292528973 0.8386727571487427 202
1744292529012 0.8382337093353271 203
1744292529043 0.8435701727867126 204
1744292529076 0.8454790115356445 205
1744292529103 0.8326354622840881 206
1744292529134 0.8535923361778259 207
1744292529167 0.8537994027137756 208
1744292529204 0.8608277440071106 209
1744292529253 0.8633300065994263 210
1744292529292 0.8564825654029846 211
1744292529344 0.8584277033805847 212
1744292529385 0.8656020164489746 213
1744292529429 0.8649990558624268 214
1744292529460 0.8633124828338623 215
1744292529495 0.8656265139579773 216
1744292529525 0.8643437027931213 217
1744292529565 0.8695802688598633 218
1744292529610 0.8591707348823547 219
1744292529644 0.8583965301513672 220
1744292529681 0.8560457229614258 221
1744292529730 0.8554376363754272 222
1744292529774 0.8469007015228271 223
1744292529803 0.8518607020378113 224
1744292529851 0.857021689414978 225
1744292529896 0.8482053875923157 226
1744292529925 0.8410752415657043 227
1744292529960 0.8424807786941528 228
1744292529992 0.8358076810836792 229
1744292530023 0.8411855101585388 230
1744292530067 0.8147081136703491 231
1744292530115 0.8368732333183289 232
1744292530147 0.8344444036483765 233
1744292530188 0.4273243546485901 234
1744292530219 0.6019660830497742 235
1744292530253 0.5226611495018005 236
1744292530284 0.6104872822761536 237
1744292530316 0.2505633234977722 238
1744292530363 0.513827383518219 239
1744292530411 0.8325880765914917 240
1744292530460 0.818935751914978 241
1744292530501 0.8037682771682739 242
1744292530552 0.8167805075645447 243
1744292530596 0.8278284668922424 244
1744292530629 0.8344334363937378 245
1744292530661 0.7777529358863831 246
1744292530704 0.7016170620918274 247
1744292530754 0.8142422437667847 248
1744292530797 0.8226985335350037 249
1744292530831 0.8197368383407593 250
1744292530878 0.7342010140419006 251
1744292530929 0.7396326065063477 252
1744292530973 0.7952568531036377 253
1744292531020 0.7935988903045654 254
1744292531054 0.749987781047821 255
1744292531097 0.8279802203178406 256
1744292531143 0.8523136973381042 257
1744292531192 0.8475370407104492 258
1744292531232 0.858364999294281 259
1744292531265 0.8513646125793457 260
1744292531296 0.8338425755500793 261
1744292531350 0.8209527134895325 262
1744292531391 0.8261489272117615 263
1744292531424 0.8386142253875732 264
1744292531468 0.8424519896507263 265
1744292531501 0.8492021560668945 266
1744292531533 0.8447780609130859 267
1744292531568 0.8360482454299927 268
1744292531611 0.8354145288467407 269
1744292531658 0.8448813557624817 270
1744292531703 0.8465222716331482 271
1744292531736 0.8453307151794434 272
1744292531781 0.8403618335723877 273
1744292531827 0.8331623673439026 274
1744292531870 0.8309794664382935 275
1744292531902 0.8246364593505859 276
1744292531948 0.8312506079673767 277
1744292531994 0.8289672136306763 278
1744292532044 0.8354108929634094 279
1744292532090 0.8374607563018799 280
1744292532136 0.8409392833709717 281
1744292532185 0.8403476476669312 282
1744292532233 0.8439921736717224 283
1744292532274 0.8384456038475037 284
1744292532307 0.8403142690658569 285
1744292532357 0.8364279866218567 286
1744292532403 0.8351892828941345 287
1744292532453 0.8379874229431152 288
1744292532496 0.8385362029075623 289
1744292532545 0.837662935256958 290
1744292532590 0.8330056667327881 291
1744292532637 0.8359894156455994 292
1744292532682 0.837202787399292 293
1744292532732 0.8242772221565247 294
1744292532778 0.8244805335998535 295
1744292532825 0.8271226286888123 296
1744292532871 0.8294416069984436 297
1744292532920 0.836240291595459 298
1744292532964 0.8376836180686951 299
1744292533011 0.8366871476173401 300
1744292533060 0.8335938453674316 301
1744292533104 0.8375043869018555 302
1744292533155 0.8316686749458313 303
1744292533188 0.8398929238319397 304
1744292533224 0.83310866355896 305
1744292533261 0.8322344422340393 306
1744292533296 0.8256418704986572 307
1744292533339 0.8254234194755554 308
1744292533386 0.8225611448287964 309
1744292533436 0.8286216259002686 310
1744292533478 0.8490036129951477 311
1744292533526 0.8462936282157898 312
1744292533570 0.8483637571334839 313
1744292533617 0.8402341604232788 314
1744292533665 0.840465247631073 315
1744292533714 0.8389320969581604 316
1744292533762 0.8398774862289429 317
1744292533794 0.8399083614349365 318
1744292533832 0.8385420441627502 319
1744292533870 0.8383380770683289 320
1744292533913 0.8422832489013672 321
1744292533946 0.8413583040237427 322
1744292533990 0.8398609161376953 323
