1744292521322 0.0 0
1744292521460 1.0 1
1744292521501 1.0 2
1744292521530 1.0 3
1744292521561 1.0 4
1744292521591 1.0 5
1744292521627 1.0 6
1744292521671 1.0 7
1744292521717 1.0 8
1744292521758 1.0 9
1744292521793 1.0 10
1744292521838 0.0 11
1744292521916 0.0 12
1744292521949 1.0 13
1744292521997 1.0 14
1744292522041 1.0 15
1744292522088 1.0 16
1744292522133 1.0 17
1744292522165 1.0 18
1744292522196 1.0 19
1744292522241 1.0 20
1744292522272 1.0 21
1744292522303 1.0 22
1744292522334 1.0 23
1744292522367 0.0 24
1744292522413 0.0 25
1744292522442 0.0 26
1744292522473 0.0 27
1744292522506 1.0 28
1744292522538 1.0 29
1744292522569 0.0 30
1744292522618 1.0 31
1744292522648 1.0 32
1744292522676 1.0 33
1744292522710 1.0 34
1744292522741 1.0 35
1744292522773 1.0 36
1744292522806 1.0 37
1744292522855 1.0 38
1744292522894 1.0 39
1744292522925 1.0 40
1744292522959 1.0 41
1744292522993 1.0 42
1744292523024 1.0 43
1744292523055 1.0 44
1744292523087 1.0 45
1744292523118 1.0 46
1744292523151 1.0 47
1744292523194 1.0 48
1744292523223 1.0 49
1744292523256 1.0 50
1744292523290 1.0 51
1744292523321 1.0 52
1744292523369 1.0 53
1744292523414 1.0 54
1744292523446 1.0 55
1744292523477 1.0 56
1744292523510 1.0 57
1744292523553 1.0 58
1744292523583 1.0 59
1744292523615 1.0 60
1744292523647 1.0 61
1744292523679 1.0 62
1744292523724 1.0 63
1744292523757 1.0 64
1744292523787 1.0 65
1744292523818 1.0 66
1744292523849 1.0 67
1744292523880 1.0 68
1744292523927 1.0 69
1744292523970 1.0 70
1744292524003 1.0 71
1744292524051 1.0 72
1744292524098 1.0 73
1744292524126 1.0 74
1744292524157 1.0 75
1744292524190 1.0 76
1744292524222 1.0 77
1744292524252 1.0 78
1744292524283 1.0 79
1744292524313 1.0 80
1744292524360 1.0 81
1744292524391 1.0 82
1744292524425 1.0 83
1744292524456 1.0 84
1744292524508 1.0 85
1744292524552 1.0 86
1744292524581 1.0 87
1744292524616 1.0 88
1744292524663 1.0 89
1744292524705 1.0 90
1744292524761 1.0 91
1744292524799 1.0 92
1744292524831 1.0 93
1744292524883 1.0 94
1744292524926 1.0 95
1744292524956 1.0 96
1744292525006 1.0 97
1744292525050 1.0 98
1744292525096 1.0 99
1744292525126 1.0 100
1744292525158 1.0 101
1744292525207 1.0 102
1744292525251 1.0 103
1744292525283 1.0 104
1744292525314 1.0 105
1744292525345 1.0 106
1744292525392 1.0 107
1744292525423 1.0 108
1744292525454 1.0 109
1744292525500 1.0 110
1744292525545 1.0 111
1744292525580 1.0 112
1744292525615 1.0 113
1744292525653 1.0 114
1744292525685 1.0 115
1744292525717 1.0 116
1744292525749 1.0 117
1744292525795 1.0 118
1744292525840 1.0 119
1744292525871 1.0 120
1744292525921 1.0 121
1744292525951 1.0 122
1744292525998 1.0 123
1744292526042 1.0 124
1744292526071 1.0 125
1744292526104 1.0 126
1744292526136 1.0 127
1744292526184 1.0 128
1744292526214 1.0 129
1744292526262 0.0 130
1744292526299 0.0 131
1744292526335 0.0 132
1744292526366 0.0 133
1744292526398 0.0 134
1744292526427 0.0 135
1744292526458 0.0 136
1744292526491 0.0 137
1744292526523 0.0 138
1744292526553 0.0 139
1744292526584 0.0 140
1744292526615 0.0 141
1744292526662 0.0 142
1744292526707 0.0 143
1744292526740 0.0 144
1744292526785 0.0 145
1744292526816 0.0 146
1744292526847 0.0 147
1744292526878 0.0 148
1744292526911 0.0 149
1744292526941 0.0 150
1744292526972 0.0 151
1744292527002 0.0 152
1744292527033 0.0 153
1744292527066 1.0 154
1744292527097 1.0 155
1744292527151 1.0 156
1744292527196 1.0 157
1744292527245 1.0 158
1744292527289 1.0 159
1744292527319 1.0 160
1744292527358 1.0 161
1744292527385 0.0 162
1744292527415 0.0 163
1744292527455 0.0 164
1744292527488 1.0 165
1744292527534 0.0 166
1744292527564 0.0 167
1744292527596 0.0 168
1744292527627 0.0 169
1744292527659 0.0 170
1744292527692 1.0 171
1744292527737 1.0 172
1744292527771 1.0 173
1744292527810 1.0 174
1744292527844 1.0 175
1744292527874 1.0 176
1744292527908 1.0 177
1744292527938 1.0 178
1744292527988 1.0 179
1744292528032 1.0 180
1744292528082 1.0 181
1744292528124 1.0 182
1744292528158 1.0 183
1744292528209 1.0 184
1744292528255 1.0 185
1744292528299 1.0 186
1744292528329 1.0 187
1744292528379 1.0 188
1744292528425 1.0 189
1744292528470 1.0 190
1744292528518 1.0 191
1744292528561 1.0 192
1744292528593 1.0 193
1744292528626 1.0 194
1744292528656 1.0 195
1744292528687 1.0 196
1744292528742 1.0 197
1744292528780 1.0 198
1744292528830 1.0 199
1744292528872 1.0 200
1744292528921 1.0 201
1744292528973 1.0 202
1744292529012 1.0 203
1744292529043 1.0 204
1744292529076 1.0 205
1744292529103 1.0 206
1744292529134 1.0 207
1744292529167 1.0 208
1744292529204 1.0 209
1744292529253 1.0 210
1744292529292 1.0 211
1744292529344 1.0 212
1744292529385 1.0 213
1744292529429 1.0 214
1744292529460 1.0 215
1744292529495 1.0 216
1744292529525 1.0 217
1744292529565 1.0 218
1744292529610 1.0 219
1744292529644 1.0 220
1744292529681 1.0 221
1744292529730 1.0 222
1744292529774 1.0 223
1744292529803 1.0 224
1744292529851 1.0 225
1744292529896 1.0 226
1744292529925 1.0 227
1744292529960 1.0 228
1744292529992 1.0 229
1744292530023 1.0 230
1744292530067 1.0 231
1744292530115 1.0 232
1744292530147 1.0 233
1744292530188 1.0 234
1744292530219 1.0 235
1744292530253 1.0 236
1744292530284 1.0 237
1744292530316 1.0 238
1744292530363 1.0 239
1744292530411 1.0 240
1744292530460 1.0 241
1744292530501 1.0 242
1744292530552 1.0 243
1744292530596 1.0 244
1744292530629 1.0 245
1744292530661 1.0 246
1744292530704 1.0 247
1744292530754 1.0 248
1744292530797 1.0 249
1744292530831 1.0 250
1744292530878 1.0 251
1744292530929 1.0 252
1744292530973 1.0 253
1744292531020 1.0 254
1744292531054 1.0 255
1744292531097 1.0 256
1744292531143 1.0 257
1744292531192 1.0 258
1744292531232 1.0 259
1744292531265 1.0 260
1744292531296 1.0 261
1744292531350 1.0 262
1744292531391 1.0 263
1744292531424 1.0 264
1744292531468 1.0 265
1744292531501 1.0 266
1744292531533 1.0 267
1744292531568 1.0 268
1744292531611 1.0 269
1744292531658 1.0 270
1744292531703 1.0 271
1744292531736 1.0 272
1744292531781 1.0 273
1744292531827 1.0 274
1744292531870 1.0 275
1744292531902 1.0 276
1744292531948 1.0 277
1744292531994 1.0 278
1744292532044 1.0 279
1744292532090 1.0 280
1744292532136 1.0 281
1744292532185 1.0 282
1744292532233 1.0 283
1744292532274 1.0 284
1744292532307 1.0 285
1744292532357 1.0 286
1744292532403 1.0 287
1744292532453 1.0 288
1744292532496 1.0 289
1744292532545 1.0 290
1744292532590 1.0 291
1744292532637 1.0 292
1744292532682 1.0 293
1744292532732 1.0 294
1744292532778 1.0 295
1744292532825 1.0 296
1744292532871 1.0 297
1744292532920 1.0 298
1744292532964 1.0 299
1744292533011 1.0 300
1744292533060 1.0 301
1744292533104 1.0 302
1744292533155 1.0 303
1744292533188 1.0 304
1744292533224 1.0 305
1744292533261 1.0 306
1744292533296 1.0 307
1744292533339 1.0 308
1744292533386 1.0 309
1744292533436 1.0 310
1744292533478 1.0 311
1744292533526 1.0 312
1744292533570 1.0 313
1744292533617 1.0 314
1744292533665 1.0 315
1744292533714 1.0 316
1744292533762 1.0 317
1744292533794 1.0 318
1744292533832 1.0 319
1744292533870 1.0 320
1744292533913 1.0 321
1744292533946 1.0 322
1744292533990 1.0 323
